tiempo,SH,SCH,SHMM,SHMP,SH-BL,SCH-BL,SHMM-BL,SHMP-BL
0.0,23713.6,19466.8,24021.2,23663.0,15875.6,15879.6,15894.8,15839.8
0.0,22242.2,18999.2,23690.4,22425.8,15875.2,15867.6,15885.8,15821.0
0.0,21392.0,18811.4,23439.6,21749.6,15875.2,15853.4,15885.8,15817.8
0.0,20705.4,18629.4,23100.4,21255.2,15875.2,15853.4,15885.8,15817.8
0.0,20530.2,18591.2,22962.6,20935.6,15875.2,15853.4,15885.8,15817.8
0.0,20508.8,18450.8,22962.6,20935.6,15875.2,15853.4,15885.8,15817.8
0.0,20508.8,18238.2,22962.6,20935.6,15875.2,15853.4,15885.8,15817.8
0.0,20508.8,18181.2,22962.6,20935.6,15875.2,15853.4,15885.8,15817.8
0.0,20508.8,18145.6,22962.6,20935.6,15875.2,15853.4,15885.8,15817.8
0.015,20248.8,18029.0,22840.0,20933.4,15850.0,15819.6,15860.2,15811.6
0.015,20167.2,17955.2,22779.4,20929.0,15850.0,15813.4,15856.4,15811.2
0.015,20135.6,17912.6,22731.0,20929.0,15850.0,15813.0,15856.4,15811.2
0.015,20135.6,17907.0,22699.4,20929.0,15850.0,15813.0,15856.4,15811.2
0.015,20135.6,17907.0,22571.6,20929.0,15850.0,15813.0,15856.4,15811.2
0.015,20135.6,17907.0,22554.4,20929.0,15850.0,15813.0,15856.4,15811.2
0.015,20135.6,17907.0,22539.6,20929.0,15850.0,15813.0,15856.4,15811.2
0.016,19903.8,17898.0,22158.2,20861.0,15834.0,15809.0,15837.4,15799.8
0.016,19611.6,17898.0,21575.6,20738.0,15816.6,15803.4,15837.4,15797.6
0.016,19163.2,17898.0,21431.6,20669.8,15816.6,15800.0,15837.4,15797.6
0.016,19100.6,17898.0,21210.6,20669.8,15816.6,15800.0,15837.4,15797.6
0.016,19100.6,17898.0,20986.4,20669.8,15816.6,15800.0,15837.4,15797.6
0.016,19100.6,17898.0,20787.4,20669.8,15816.6,15800.0,15837.4,15797.6
0.016,19100.6,17898.0,20661.2,20669.8,15816.6,15800.0,15837.4,15797.6
0.031,19067.6,17882.4,20227.4,20441.8,15810.6,15795.0,15835.6,15793.4
0.031,19047.6,17867.4,20048.6,20412.6,15807.8,15792.6,15835.4,15793.4
0.031,19047.6,17867.4,19866.4,20412.6,15807.8,15792.4,15822.0,15793.4
0.031,19047.6,17867.4,19824.6,20412.6,15807.8,15792.4,15822.0,15793.4
0.032,18983.2,17867.4,19749.2,20412.6,15807.8,15792.4,15822.0,15793.0
0.032,18840.0,17867.4,19681.4,20412.6,15807.8,15792.4,15822.0,15793.0
0.032,18840.0,17867.4,19656.0,20412.6,15807.8,15792.4,15822.0,15793.0
0.032,18840.0,17867.4,19521.4,20412.6,15807.8,15792.4,15822.0,15793.0
0.046,18709.4,17851.4,19521.4,20412.6,15807.8,15792.4,15821.8,15793.0
0.046,18709.4,17847.6,19521.4,20412.6,15807.8,15792.4,15821.8,15793.0
0.046,18709.4,17807.2,19521.4,20412.6,15807.8,15792.4,15821.8,15793.0
0.046,18709.4,17791.6,19521.4,20412.6,15807.8,15792.4,15821.8,15793.0
0.047,18692.6,17695.4,19199.8,20309.6,15799.8,15791.6,15820.2,15792.0
0.047,18673.8,17682.0,19066.8,20285.4,15799.8,15791.6,15820.2,15792.0
0.047,18635.2,17682.0,19019.2,20285.4,15799.8,15791.6,15820.2,15792.0
0.062,18635.2,17667.0,18947.8,20209.6,15798.2,15783.8,15819.6,15790.0
0.062,18635.2,17623.6,18804.2,20147.0,15798.2,15783.8,15817.4,15790.0
0.062,18635.2,17623.6,18804.2,20137.6,15798.2,15783.8,15817.4,15790.0
0.063,18622.2,17609.4,18692.0,20137.0,15798.2,15783.8,15817.4,15788.8
0.063,18573.2,17609.4,18692.0,20137.0,15798.2,15783.8,15817.4,15788.8
0.078,18453.4,17594.0,18606.8,20088.6,15798.2,15783.8,15815.4,15786.6
0.078,18453.4,17585.2,18523.8,20046.6,15798.2,15783.8,15815.4,15784.6
0.078,18453.4,17585.2,18523.8,20039.4,15798.2,15783.8,15815.4,15784.6
0.078,18453.4,17585.2,18523.8,19978.0,15798.2,15783.8,15815.4,15784.6
0.093,18453.4,17563.8,18437.4,19977.0,15798.0,15783.8,15811.4,15784.6
0.093,18453.4,17528.2,18437.4,19937.2,15798.0,15783.8,15811.4,15784.6
0.094,18433.6,17523.8,18380.8,19916.8,15798.0,15783.8,15811.4,15783.6
0.094,18433.6,17500.2,18278.0,19916.8,15798.0,15783.8,15811.4,15783.6
0.094,18433.6,17500.2,18214.2,19916.8,15798.0,15783.8,15811.4,15783.6
0.109,18345.8,17441.6,18181.6,19886.4,15798.0,15781.4,15811.4,15783.6
0.109,18345.8,17441.6,18067.4,19867.6,15798.0,15781.0,15811.4,15783.6
0.109,18345.8,17441.6,18067.4,19866.0,15798.0,15781.0,15811.4,15783.6
0.11,18226.2,17441.6,17981.0,19866.0,15798.0,15781.0,15811.4,15783.6
0.124,18226.2,17441.6,17981.0,19866.0,15797.8,15781.0,15809.8,15783.6
0.125,18199.0,17436.8,17948.2,19806.2,15797.8,15781.0,15809.2,15783.6
0.125,18199.0,17436.8,17948.2,19729.0,15797.8,15781.0,15809.2,15783.6
0.14,18199.0,17411.0,17939.2,19646.8,15797.8,15781.0,15809.2,15783.6
0.14,18199.0,17395.8,17939.2,19628.6,15797.8,15781.0,15809.2,15783.6
0.141,18199.0,17387.8,17870.2,19628.6,15797.8,15781.0,15809.2,15783.6
0.141,18199.0,17387.8,17851.6,19628.6,15797.8,15781.0,15809.2,15783.6
0.156,18159.8,17387.8,17851.6,19596.6,15797.8,15781.0,15796.4,15782.0
0.156,18159.8,17387.8,17851.6,19574.4,15797.8,15781.0,15796.4,15782.0
0.171,18159.8,17340.4,17851.6,19559.2,15797.8,15781.0,15796.4,15782.0
0.172,18159.8,17340.4,17741.2,19554.8,15797.8,15781.0,15796.4,15782.0
0.187,18159.8,17321.0,17723.2,19545.2,15797.8,15781.0,15796.4,15782.0
0.188,18111.8,17321.0,17723.2,19545.2,15797.8,15781.0,15796.4,15782.0
0.202,18111.8,17318.4,17723.2,19545.2,15797.8,15781.0,15796.4,15782.0
0.202,18111.8,17308.2,17723.2,19545.2,15797.8,15781.0,15796.4,15782.0
0.203,18111.8,17297.4,17665.4,19535.8,15797.8,15781.0,15796.2,15782.0
0.203,18111.8,17297.4,17665.4,19513.8,15797.8,15781.0,15796.2,15782.0
0.203,18111.8,17297.4,17665.4,19504.2,15797.8,15781.0,15796.2,15782.0
0.203,18111.8,17297.4,17665.4,19492.4,15797.8,15781.0,15796.2,15782.0
0.218,18111.8,17284.2,17665.4,19479.2,15797.8,15781.0,15791.0,15782.0
0.219,18111.8,17274.0,17623.2,19479.2,15797.8,15781.0,15790.4,15782.0
0.219,18111.8,17268.0,17623.2,19479.2,15797.8,15781.0,15790.4,15782.0
0.234,18111.8,17210.2,17516.4,19456.4,15797.8,15781.0,15787.4,15782.0
0.234,18111.8,17200.4,17516.4,19456.4,15797.8,15781.0,15787.4,15782.0
0.249,18111.8,17195.4,17488.0,19416.6,15797.8,15781.0,15787.4,15782.0
0.25,18111.8,17195.4,17481.4,19416.6,15797.8,15781.0,15786.2,15782.0
0.265,18111.8,17194.2,17476.4,19401.6,15797.8,15781.0,15786.2,15782.0
0.265,18111.8,17185.0,17471.8,19401.6,15797.8,15781.0,15786.2,15782.0
0.266,18111.8,17185.0,17435.6,19401.6,15797.8,15781.0,15786.2,15782.0
0.266,18111.8,17185.0,17422.0,19401.6,15797.8,15781.0,15786.2,15782.0
0.28,18111.8,17182.8,17422.0,19401.6,15797.8,15781.0,15786.2,15782.0
0.28,18111.8,17152.4,17422.0,19401.6,15797.8,15781.0,15786.2,15782.0
0.281,18111.8,17130.0,17349.6,19392.0,15797.0,15781.0,15786.2,15782.0
0.281,18111.8,17130.0,17306.6,19342.2,15797.0,15781.0,15786.2,15782.0
0.281,18111.8,17130.0,17306.6,19342.0,15797.0,15781.0,15786.2,15782.0
0.296,18111.8,17115.0,17306.6,19342.0,15797.0,15781.0,15786.2,15782.0
0.297,18111.8,17115.0,17234.0,19342.0,15797.0,15781.0,15786.2,15782.0
0.312,18111.8,17115.0,17225.8,19326.0,15796.6,15781.0,15786.2,15782.0
0.312,18111.8,17115.0,17225.8,19309.2,15796.6,15781.0,15786.2,15782.0
0.327,18111.8,17115.0,17225.8,19309.2,15795.4,15781.0,15786.2,15782.0
0.328,18101.0,17115.0,17188.4,19309.2,15794.2,15781.0,15786.2,15782.0
0.343,18101.0,17115.0,17168.4,19309.2,15794.2,15781.0,15786.2,15782.0
0.344,18030.6,17115.0,17168.4,19309.2,15794.2,15781.0,15786.2,15782.0
0.358,18015.6,17112.8,17168.4,19309.2,15794.2,15781.0,15786.2,15782.0
0.359,18015.6,17112.8,17157.2,19309.2,15794.2,15781.0,15786.2,15782.0
0.359,18015.6,17112.8,17115.8,19309.2,15794.2,15781.0,15786.2,15782.0
0.374,18013.6,17108.2,17115.8,19301.8,15794.2,15781.0,15786.2,15782.0
0.374,18013.6,17108.2,17115.8,19291.4,15794.2,15781.0,15786.2,15782.0
0.374,18013.6,17108.2,17115.8,19279.2,15794.2,15781.0,15786.2,15782.0
0.374,18013.6,17108.2,17115.8,19266.6,15794.2,15781.0,15786.2,15782.0
0.375,17941.2,17108.2,17115.2,19266.6,15794.2,15781.0,15786.2,15782.0
0.39,17941.2,17093.2,17093.0,19263.6,15794.2,15781.0,15786.2,15782.0
0.39,17941.2,17093.2,17074.6,19263.6,15794.2,15781.0,15786.2,15782.0
0.405,17934.0,17074.0,17074.6,19253.4,15794.2,15781.0,15786.2,15782.0
0.406,17934.0,17074.0,16965.4,19253.4,15794.2,15781.0,15786.2,15782.0
0.421,17934.0,17073.6,16952.2,19246.8,15794.2,15781.0,15786.2,15782.0
0.436,17934.0,17050.8,16952.2,19246.8,15794.2,15781.0,15786.2,15782.0
0.437,17934.0,17049.4,16920.4,19246.8,15794.2,15780.8,15783.6,15782.0
0.452,17934.0,17049.4,16920.4,19205.2,15794.2,15780.8,15783.6,15782.0
0.453,17934.0,17049.4,16906.4,19205.2,15793.2,15780.8,15783.6,15782.0
0.468,17934.0,17049.4,16906.4,19204.6,15793.2,15780.8,15783.6,15782.0
0.483,17934.0,17049.4,16906.4,19191.0,15793.2,15780.8,15783.6,15782.0
0.484,17934.0,17040.2,16896.4,19191.0,15793.2,15780.8,15783.6,15782.0
0.499,17934.0,17040.2,16891.4,19183.6,15793.2,15780.8,15783.6,15782.0
0.5,17923.0,17040.2,16891.4,19183.6,15793.2,15780.8,15783.6,15782.0
0.515,17923.0,17014.4,16891.4,19163.2,15793.2,15780.8,15783.6,15782.0
0.53,17874.0,17011.2,16891.4,19163.2,15793.2,15780.8,15783.6,15782.0
0.531,17874.0,17011.2,16818.2,19163.2,15793.2,15780.8,15781.8,15782.0
0.531,17874.0,17011.2,16800.4,19163.2,15793.2,15780.8,15781.8,15782.0
0.546,17874.0,17011.2,16782.4,19163.2,15793.2,15780.8,15781.8,15782.0
0.561,17874.0,17003.6,16782.4,19158.8,15793.2,15780.8,15781.8,15782.0
0.561,17874.0,17003.6,16782.4,19145.2,15793.2,15780.8,15781.8,15782.0
0.562,17874.0,17003.6,16760.6,19123.0,15793.2,15780.6,15781.8,15782.0
0.577,17874.0,16950.8,16760.6,19118.6,15793.2,15780.6,15781.6,15782.0
0.592,17874.0,16950.8,16760.6,19118.6,15792.6,15780.6,15781.6,15782.0
0.593,17868.0,16950.8,16760.6,19109.6,15792.6,15780.6,15781.6,15782.0
0.593,17868.0,16950.8,16760.6,19097.6,15792.6,15780.6,15781.6,15782.0
0.608,17868.0,16950.8,16718.8,19080.4,15792.6,15780.6,15780.6,15782.0
0.624,17868.0,16944.2,16697.0,19042.2,15792.6,15780.6,15780.6,15782.0
0.624,17868.0,16935.4,16697.0,19042.2,15792.6,15780.6,15780.6,15782.0
0.639,17868.0,16927.0,16697.0,19036.4,15792.6,15780.6,15780.6,15782.0
0.639,17868.0,16922.2,16697.0,19036.4,15792.6,15780.6,15780.6,15782.0
0.64,17868.0,16922.2,16696.6,19036.4,15792.4,15780.6,15780.6,15782.0
0.655,17832.6,16920.2,16694.8,19028.0,15792.4,15780.6,15780.6,15782.0
0.656,17828.0,16920.2,16694.8,19028.0,15792.4,15780.6,15780.6,15782.0
0.67,17828.0,16904.2,16694.8,19028.0,15792.4,15780.6,15780.6,15782.0
0.67,17828.0,16893.0,16694.8,19028.0,15792.4,15780.6,15780.6,15782.0
0.67,17828.0,16879.0,16694.8,19028.0,15792.4,15780.6,15780.6,15782.0
0.67,17828.0,16874.4,16694.8,19028.0,15792.4,15780.6,15780.6,15782.0
0.686,17828.0,16855.0,16694.8,19008.0,15792.4,15780.6,15780.6,15782.0
0.686,17828.0,16843.8,16694.8,19008.0,15792.4,15780.6,15780.6,15782.0
0.687,17828.0,16843.8,16693.0,19008.0,15792.4,15780.6,15780.6,15782.0
0.702,17806.4,16822.4,16657.2,19008.0,15792.4,15780.6,15780.6,15782.0
0.718,17806.4,16822.4,16657.2,19001.4,15792.4,15780.6,15780.6,15782.0
0.733,17806.4,16812.2,16646.2,18978.6,15792.2,15780.6,15780.6,15782.0
0.733,17806.4,16812.2,16630.4,18978.6,15792.2,15780.6,15780.6,15782.0
0.749,17806.4,16812.2,16625.2,18966.0,15792.2,15780.6,15780.6,15782.0
0.749,17806.4,16812.2,16615.2,18966.0,15792.2,15780.6,15780.6,15782.0
0.764,17806.4,16793.8,16615.2,18966.0,15792.2,15780.6,15780.6,15782.0
0.78,17806.4,16773.0,16610.0,18966.0,15792.2,15780.6,15780.6,15782.0
0.795,17806.4,16771.4,16610.0,18966.0,15792.2,15780.6,15780.6,15782.0
0.796,17801.6,16771.4,16604.0,18966.0,15792.2,15780.6,15780.6,15782.0
0.812,17801.6,16771.4,16595.0,18966.0,15792.2,15780.6,15780.6,15782.0
0.812,17801.6,16771.4,16594.6,18966.0,15792.2,15780.6,15780.6,15782.0
0.826,17801.6,16764.8,16594.6,18966.0,15792.2,15780.6,15780.6,15782.0
0.827,17801.6,16764.8,16586.2,18966.0,15792.2,15780.6,15780.6,15782.0
0.842,17801.6,16761.8,16586.2,18955.2,15792.2,15780.6,15780.6,15782.0
0.858,17801.6,16761.8,16586.2,18955.2,15792.2,15780.4,15780.6,15782.0
0.873,17801.6,16757.8,16586.2,18955.2,15792.2,15780.4,15780.6,15782.0
0.889,17801.6,16757.8,16586.2,18955.2,15792.2,15780.4,15780.6,15780.6
0.92,17801.6,16755.8,16586.2,18955.2,15792.2,15780.4,15780.4,15780.6
0.936,17801.6,16736.0,16576.8,18955.2,15792.2,15780.4,15780.4,15780.6
0.983,17801.6,16736.0,16576.8,18955.2,15790.4,15780.4,15780.4,15780.6
1.045,17801.6,16731.6,16576.8,18955.2,15790.4,15780.4,15780.4,15780.6
1.076,17801.6,16723.0,16576.8,18945.8,15790.4,15780.4,15780.4,15780.6
1.107,17801.6,16713.0,16576.8,18945.8,15790.4,15780.4,15780.4,15780.6
1.108,17801.6,16713.0,16569.6,18945.8,15790.4,15780.4,15780.4,15780.6
1.139,17801.6,16713.0,16565.6,18945.8,15790.4,15780.4,15780.4,15780.6
1.139,17801.6,16713.0,16565.4,18945.8,15790.4,15780.4,15780.4,15780.6
1.154,17801.6,16713.0,16565.4,18929.4,15788.4,15780.4,15780.4,15780.6
1.17,17801.6,16713.0,16565.4,18921.6,15788.4,15780.4,15780.4,15780.6
1.17,17801.6,16713.0,16565.4,18915.2,15788.4,15780.4,15780.4,15780.6
1.17,17801.6,16713.0,16565.4,18908.0,15788.4,15780.4,15780.4,15780.6
1.186,17782.0,16713.0,16565.4,18878.2,15788.4,15780.4,15780.4,15780.6
1.201,17782.0,16713.0,16564.8,18878.2,15788.4,15780.4,15780.4,15780.6
1.217,17782.0,16713.0,16564.8,18868.4,15788.4,15780.4,15780.4,15780.6
1.217,17782.0,16713.0,16564.8,18857.4,15788.4,15780.4,15780.4,15780.6
1.217,17782.0,16713.0,16564.8,18839.8,15788.4,15780.4,15780.4,15780.6
1.233,17782.0,16713.0,16564.8,18798.2,15788.4,15780.4,15780.4,15780.6
1.248,17782.0,16705.4,16564.8,18794.6,15788.4,15780.4,15780.4,15780.6
1.264,17782.0,16705.4,16540.0,18794.6,15788.4,15780.4,15780.4,15780.6
1.279,17782.0,16705.4,16534.4,18794.6,15788.4,15780.4,15780.4,15780.6
1.295,17782.0,16698.4,16534.4,18794.6,15788.4,15780.4,15780.4,15780.6
1.31,17782.0,16698.4,16520.0,18774.0,15788.4,15780.4,15780.4,15780.6
1.311,17782.0,16698.4,16507.6,18774.0,15788.4,15780.4,15780.4,15780.6
1.326,17771.4,16688.8,16488.8,18748.6,15788.4,15780.4,15780.4,15780.6
1.342,17771.4,16688.8,16488.8,18735.6,15788.4,15780.4,15780.4,15780.6
1.342,17771.4,16688.8,16488.8,18730.0,15788.4,15780.4,15780.4,15780.6
1.357,17771.4,16683.8,16488.8,18730.0,15788.4,15780.4,15780.4,15780.6
1.373,17757.2,16683.8,16488.8,18730.0,15788.4,15780.4,15780.4,15780.6
1.388,17757.2,16655.8,16488.8,18730.0,15788.4,15780.4,15780.4,15780.6
1.389,17757.2,16655.8,16480.4,18730.0,15787.0,15780.4,15780.4,15780.6
1.404,17757.2,16655.8,16479.0,18720.6,15787.0,15780.4,15780.4,15780.6
1.419,17757.2,16654.8,16479.0,18720.6,15787.0,15780.4,15780.4,15780.6
1.435,17746.0,16654.8,16468.6,18720.6,15787.0,15780.4,15780.4,15780.6
1.451,17746.0,16654.8,16453.6,18720.6,15787.0,15780.4,15780.4,15780.6
1.466,17746.0,16654.8,16453.6,18708.4,15787.0,15780.4,15780.4,15780.6
1.466,17746.0,16654.8,16453.6,18697.2,15787.0,15780.4,15780.4,15780.6
1.497,17746.0,16653.4,16453.6,18697.2,15787.0,15780.4,15780.4,15780.6
1.498,17746.0,16653.4,16438.6,18697.2,15787.0,15780.4,15780.4,15780.6
1.513,17746.0,16652.0,16438.6,18697.2,15787.0,15780.4,15780.4,15780.6
1.529,17746.0,16644.6,16438.6,18695.4,15787.0,15780.4,15780.4,15780.6
1.56,17746.0,16644.6,16438.6,18692.4,15787.0,15780.2,15780.4,15780.6
1.575,17746.0,16644.6,16438.6,18689.8,15784.8,15780.2,15780.4,15780.6
1.576,17746.0,16644.6,16438.6,18645.4,15784.8,15780.2,15780.4,15780.6
1.591,17731.6,16634.6,16438.6,18645.4,15784.8,15780.2,15780.4,15780.6
1.606,17731.6,16634.6,16438.6,18645.4,15784.8,15780.0,15780.4,15780.6
1.607,17731.6,16634.6,16431.4,18633.2,15784.8,15780.0,15780.4,15780.6
1.607,17731.6,16634.6,16428.4,18633.2,15784.8,15780.0,15780.4,15780.6
1.622,17731.6,16629.2,16428.4,18633.2,15784.8,15780.0,15780.4,15780.6
1.638,17731.6,16627.8,16420.2,18630.6,15784.8,15780.0,15780.4,15780.6
1.638,17731.6,16627.8,16410.0,18630.6,15784.8,15780.0,15780.4,15780.6
1.653,17731.6,16627.8,16410.0,18622.2,15784.8,15780.0,15780.4,15780.6
1.654,17731.6,16627.8,16405.6,18622.2,15784.8,15780.0,15780.4,15780.6
1.669,17731.6,16627.8,16402.0,18622.2,15784.8,15780.0,15780.4,15780.6
1.684,17731.6,16627.2,16402.0,18622.2,15784.8,15780.0,15780.4,15780.6
1.685,17731.6,16627.2,16372.2,18606.6,15784.8,15780.0,15780.4,15780.6
1.685,17731.6,16627.2,16372.2,18592.8,15784.8,15780.0,15780.4,15780.6
1.7,17731.6,16627.2,16372.2,18567.2,15784.8,15780.0,15780.4,15780.6
1.701,17731.6,16627.2,16372.2,18542.8,15784.8,15780.0,15780.4,15780.6
1.763,17731.6,16627.2,16372.2,18531.4,15784.8,15780.0,15780.4,15780.6
1.763,17731.6,16627.2,16372.2,18527.0,15784.8,15780.0,15780.4,15780.6
1.794,17731.6,16621.4,16372.2,18525.0,15784.8,15780.0,15780.4,15780.6
1.794,17731.6,16621.4,16372.2,18521.8,15784.8,15780.0,15780.4,15780.6
1.81,17731.6,16621.4,16359.4,18521.8,15784.8,15780.0,15780.4,15780.6
1.857,17731.6,16617.6,16359.4,18521.8,15784.8,15780.0,15780.4,15780.6
1.872,17731.6,16616.8,16359.4,18521.8,15784.8,15780.0,15780.4,15780.6
1.872,17731.6,16613.2,16359.4,18521.8,15784.8,15780.0,15780.4,15780.6
1.887,17731.6,16604.8,16359.4,18521.8,15784.8,15780.0,15780.4,15780.6
1.888,17731.6,16604.8,16358.6,18515.0,15784.8,15780.0,15780.4,15780.6
1.888,17731.6,16604.8,16345.6,18515.0,15784.8,15780.0,15780.4,15780.6
1.903,17731.6,16599.0,16331.4,18489.0,15784.8,15780.0,15780.4,15780.6
1.919,17731.6,16599.0,16331.4,18457.4,15784.2,15780.0,15780.4,15780.6
1.934,17731.6,16596.2,16331.4,18442.2,15784.2,15780.0,15780.4,15780.6
1.935,17731.6,16596.2,16331.4,18439.0,15784.2,15780.0,15780.4,15780.6
1.95,17731.6,16594.4,16319.6,18434.2,15784.2,15780.0,15780.4,15780.6
1.966,17731.6,16594.2,16319.6,18417.0,15784.2,15780.0,15780.4,15780.6
2.012,17731.6,16593.4,16319.6,18417.0,15784.2,15780.0,15780.4,15780.6
2.013,17731.6,16593.4,16313.8,18417.0,15784.2,15780.0,15780.4,15780.6
2.028,17731.6,16589.0,16313.8,18417.0,15784.2,15780.0,15780.4,15780.6
2.043,17731.6,16589.0,16312.8,18417.0,15784.2,15780.0,15780.4,15780.6
2.044,17731.6,16579.0,16312.8,18417.0,15784.2,15780.0,15780.4,15780.6
2.059,17731.6,16566.0,16308.2,18415.0,15784.2,15780.0,15780.4,15780.4
2.091,17713.8,16566.0,16308.2,18395.6,15784.2,15780.0,15780.4,15780.4
2.122,17713.8,16566.0,16300.4,18377.8,15784.2,15780.0,15780.4,15780.4
2.137,17713.8,16566.0,16288.4,18377.8,15784.2,15780.0,15780.4,15780.4
2.152,17713.8,16561.4,16288.4,18377.8,15783.8,15780.0,15780.4,15780.4
2.153,17713.8,16535.2,16288.4,18369.0,15783.8,15780.0,15780.4,15780.4
2.199,17713.8,16533.2,16288.4,18369.0,15782.4,15780.0,15780.4,15780.4
2.215,17713.8,16529.4,16288.4,18369.0,15782.4,15780.0,15780.4,15780.4
2.246,17713.8,16524.0,16288.4,18369.0,15782.4,15780.0,15780.4,15780.4
2.247,17690.8,16524.0,16288.4,18369.0,15782.4,15780.0,15780.4,15780.4
2.293,17690.8,16524.0,16275.4,18369.0,15782.4,15780.0,15780.4,15780.4
2.309,17690.8,16518.6,16275.4,18369.0,15782.4,15780.0,15780.4,15780.4
2.324,17690.8,16518.6,16270.4,18366.0,15782.4,15780.0,15780.4,15780.4
2.325,17690.8,16518.6,16270.4,18366.0,15781.4,15780.0,15780.4,15780.4
2.34,17690.8,16515.6,16270.4,18366.0,15781.4,15780.0,15780.4,15780.4
2.355,17690.8,16505.6,16269.4,18366.0,15781.4,15780.0,15780.4,15780.4
2.356,17690.8,16505.6,16268.8,18366.0,15781.4,15780.0,15780.2,15780.4
2.386,17690.8,16503.6,16268.8,18366.0,15781.4,15780.0,15780.2,15780.4
2.387,17690.8,16503.6,16264.2,18365.6,15781.4,15780.0,15780.2,15780.4
2.387,17690.8,16503.6,16261.6,18365.6,15781.4,15780.0,15780.2,15780.4
2.402,17690.8,16492.4,16257.2,18365.6,15781.4,15780.0,15780.2,15780.4
2.418,17690.8,16492.4,16221.4,18365.6,15781.4,15780.0,15780.2,15780.4
2.433,17690.8,16481.8,16221.4,18365.6,15781.4,15780.0,15780.2,15780.4
2.449,17690.8,16473.0,16221.4,18365.6,15781.4,15780.0,15780.2,15780.4
2.465,17690.8,16470.8,16221.4,18365.6,15781.4,15780.0,15780.2,15780.4
2.465,17690.8,16470.6,16221.4,18365.6,15781.4,15780.0,15780.2,15780.4
2.527,17690.8,16470.6,16214.0,18365.6,15781.4,15780.0,15780.2,15780.4
2.543,17664.8,16470.6,16203.2,18365.6,15781.4,15780.0,15780.2,15780.4
2.574,17664.8,16467.4,16203.2,18365.6,15781.4,15780.0,15780.2,15780.4
2.589,17664.8,16464.8,16195.0,18365.6,15781.4,15780.0,15780.2,15780.4
2.59,17664.8,16464.8,16195.0,18349.8,15781.4,15780.0,15780.2,15780.4
2.605,17664.8,16462.0,16195.0,18349.8,15781.4,15780.0,15780.2,15780.4
2.636,17664.8,16459.6,16195.0,18349.8,15781.4,15780.0,15780.2,15780.4
2.667,17664.8,16459.0,16195.0,18349.8,15781.4,15780.0,15780.2,15780.4
2.714,17664.8,16441.2,16195.0,18349.8,15781.4,15780.0,15780.2,15780.4
2.777,17664.8,16441.2,16187.0,18349.8,15781.4,15780.0,15780.2,15780.4
2.792,17664.8,16434.8,16187.0,18349.8,15781.4,15780.0,15780.2,15780.4
2.808,17664.8,16430.8,16184.0,18349.8,15781.4,15780.0,15780.2,15780.4
2.824,17664.8,16430.8,16184.0,18321.0,15781.4,15780.0,15780.2,15780.4
2.839,17664.8,16426.4,16184.0,18321.0,15781.4,15780.0,15780.2,15780.4
2.855,17664.8,16426.4,16184.0,18318.0,15781.4,15780.0,15780.2,15780.4
2.871,17664.8,16426.4,16179.8,18318.0,15781.4,15780.0,15780.2,15780.4
2.885,17664.8,16426.4,16179.8,18318.0,15781.4,15780.0,15780.0,15780.4
2.917,17664.8,16426.0,16179.8,18318.0,15781.4,15780.0,15780.0,15780.4
2.933,17664.8,16426.0,16179.8,18315.8,15781.4,15780.0,15780.0,15780.4
2.948,17632.2,16421.4,16179.8,18315.8,15781.4,15780.0,15780.0,15780.4
2.949,17632.2,16421.4,16179.8,18315.6,15781.4,15780.0,15780.0,15780.4
3.011,17632.2,16417.0,16174.6,18315.6,15781.4,15780.0,15780.0,15780.4
3.058,17632.2,16417.0,16168.0,18315.6,15781.4,15780.0,15780.0,15780.4
3.167,17632.2,16417.0,16157.4,18315.6,15781.4,15780.0,15780.0,15780.4
3.183,17632.2,16417.0,16157.4,18313.2,15781.4,15780.0,15780.0,15780.4
3.198,17632.2,16417.0,16157.4,18309.2,15781.4,15780.0,15780.0,15780.4
3.213,17632.2,16417.0,16155.2,18309.2,15781.4,15780.0,15780.0,15780.4
3.26,17632.2,16417.0,16155.2,18298.8,15781.4,15780.0,15780.0,15780.4
3.26,17632.2,16417.0,16155.2,18282.6,15781.4,15780.0,15780.0,15780.4
3.323,17632.2,16417.0,16141.0,18282.6,15781.4,15780.0,15780.0,15780.4
3.401,17632.2,16413.6,16141.0,18282.6,15781.4,15780.0,15780.0,15780.4
3.416,17632.2,16407.2,16141.0,18282.0,15781.4,15780.0,15780.0,15780.4
3.416,17632.2,16403.4,16141.0,18282.0,15781.4,15780.0,15780.0,15780.4
3.432,17632.2,16399.4,16141.0,18282.0,15781.4,15780.0,15780.0,15780.4
3.448,17632.2,16399.4,16141.0,18270.0,15781.4,15780.0,15780.0,15780.4
3.463,17632.2,16397.4,16141.0,18270.0,15781.4,15780.0,15780.0,15780.4
3.478,17632.2,16393.6,16141.0,18270.0,15781.4,15780.0,15780.0,15780.4
3.51,17632.2,16389.6,16141.0,18270.0,15781.4,15780.0,15780.0,15780.4
3.588,17632.2,16389.6,16141.0,18260.8,15781.4,15780.0,15780.0,15780.4
3.619,17632.2,16389.6,16139.2,18260.8,15781.4,15780.0,15780.0,15780.4
3.634,17632.2,16383.2,16139.2,18260.8,15781.4,15780.0,15780.0,15780.4
3.666,17632.2,16383.2,16139.2,18244.6,15781.4,15780.0,15780.0,15780.4
3.666,17632.2,16383.2,16139.2,18238.2,15781.4,15780.0,15780.0,15780.4
3.744,17632.2,16368.4,16139.2,18238.2,15781.4,15780.0,15780.0,15780.4
3.791,17632.2,16368.4,16139.2,18223.0,15781.4,15780.0,15780.0,15780.4
3.822,17632.2,16363.0,16139.2,18223.0,15781.4,15780.0,15780.0,15780.4
3.838,17632.2,16363.0,16139.2,18220.6,15781.4,15780.0,15780.0,15780.4
3.9,17632.2,16359.8,16139.2,18220.6,15781.4,15780.0,15780.0,15780.4
3.931,17632.2,16359.8,16128.8,18220.6,15781.4,15780.0,15780.0,15780.4
3.963,17632.2,16359.8,16128.8,18207.2,15781.4,15780.0,15780.0,15780.4
3.978,17632.2,16359.8,16128.4,18197.6,15781.4,15780.0,15780.0,15780.4
4.04,17632.2,16353.6,16128.4,18197.6,15781.4,15780.0,15780.0,15780.4
4.056,17632.2,16353.6,16128.4,18189.2,15781.4,15780.0,15780.0,15780.4
4.087,17632.2,16352.0,16128.4,18189.2,15781.4,15780.0,15780.0,15780.4
4.134,17632.2,16352.0,16128.4,18178.0,15781.4,15780.0,15780.0,15780.4
4.197,17632.2,16352.0,16122.2,18178.0,15781.4,15780.0,15780.0,15780.4
4.243,17632.2,16346.6,16122.2,18178.0,15781.4,15780.0,15780.0,15780.4
4.29,17632.2,16345.6,16122.2,18178.0,15781.4,15780.0,15780.0,15780.4
4.305,17632.2,16339.8,16122.2,18178.0,15781.4,15780.0,15780.0,15780.4
4.368,17632.2,16339.8,16122.2,18168.8,15781.4,15780.0,15780.0,15780.4
4.399,17632.2,16336.8,16122.2,18168.8,15781.4,15780.0,15780.0,15780.4
4.4,17632.2,16336.8,16122.2,18168.4,15781.4,15780.0,15780.0,15780.4
4.462,17632.2,16336.8,16122.2,18149.4,15781.4,15780.0,15780.0,15780.4
4.477,17632.2,16336.8,16120.6,18149.4,15781.4,15780.0,15780.0,15780.4
4.478,17632.2,16336.8,16120.6,18145.2,15781.4,15780.0,15780.0,15780.4
4.539,17632.2,16314.2,16120.6,18145.2,15781.4,15780.0,15780.0,15780.4
4.555,17632.2,16307.8,16120.6,18145.2,15781.4,15780.0,15780.0,15780.4
4.602,17632.2,16287.8,16120.6,18142.6,15781.4,15780.0,15780.0,15780.4
4.633,17632.2,16287.8,16120.6,18131.6,15781.4,15780.0,15780.0,15780.4
4.696,17632.2,16287.8,16120.6,18118.8,15781.4,15780.0,15780.0,15780.4
4.727,17580.4,16287.8,16120.6,18093.8,15781.4,15780.0,15780.0,15780.4
4.821,17580.4,16284.8,16120.6,18093.8,15781.4,15780.0,15780.0,15780.4
4.851,17580.4,16282.8,16120.6,18093.8,15781.4,15780.0,15780.0,15780.4
4.852,17555.2,16282.8,16120.6,18093.8,15781.4,15780.0,15780.0,15780.4
4.882,17555.2,16274.4,16120.6,18093.8,15781.4,15780.0,15780.0,15780.4
4.883,17555.2,16274.4,16120.6,18071.8,15781.4,15780.0,15780.0,15780.4
4.93,17555.2,16274.4,16120.6,18065.0,15781.4,15780.0,15780.0,15780.4
4.961,17555.2,16274.4,16118.4,18055.2,15781.4,15780.0,15780.0,15780.4
4.992,17555.2,16271.6,16118.4,18055.2,15781.4,15780.0,15780.0,15780.4
5.024,17555.2,16271.6,16118.4,18049.0,15781.4,15780.0,15780.0,15780.4
5.038,17555.2,16266.8,16118.4,18049.0,15781.4,15780.0,15780.0,15780.4
5.085,17555.2,16266.8,16118.4,18037.0,15781.4,15780.0,15780.0,15780.4
5.133,17555.2,16265.6,16118.4,18037.0,15781.4,15780.0,15780.0,15780.4
5.195,17555.2,16265.6,16114.0,18033.0,15781.4,15780.0,15780.0,15780.4
5.273,17555.2,16265.2,16114.0,18033.0,15781.4,15780.0,15780.0,15780.4
5.382,17555.2,16265.2,16114.0,17951.4,15781.4,15780.0,15780.0,15780.4
5.398,17555.2,16265.2,16114.0,17933.0,15781.4,15780.0,15780.0,15780.4
5.413,17555.2,16265.2,16114.0,17927.4,15781.4,15780.0,15780.0,15780.4
5.6,17555.2,16265.2,16114.0,17927.4,15781.2,15780.0,15780.0,15780.4
5.632,17555.2,16265.2,16114.0,17915.4,15781.2,15780.0,15780.0,15780.4
5.632,17555.2,16265.2,16114.0,17914.2,15781.2,15780.0,15780.0,15780.4
5.679,17555.2,16265.2,16114.0,17914.2,15781.2,15780.0,15780.0,15780.2
5.694,17555.2,16265.0,16114.0,17914.2,15781.2,15780.0,15780.0,15780.2
5.709,17555.2,16262.0,16114.0,17914.2,15781.2,15780.0,15780.0,15780.2
5.834,17555.2,16259.0,16114.0,17914.2,15781.2,15780.0,15780.0,15780.2
5.912,17555.2,16251.8,16114.0,17914.2,15781.2,15780.0,15780.0,15780.2
6.007,17555.2,16251.8,16112.8,17914.2,15781.2,15780.0,15780.0,15780.2
6.069,17555.2,16251.8,16112.8,17902.0,15781.2,15780.0,15780.0,15780.2
6.116,17555.2,16251.8,16105.6,17902.0,15781.2,15780.0,15780.0,15780.2
6.131,17555.2,16251.8,16105.6,17880.6,15781.2,15780.0,15780.0,15780.2
6.146,17555.2,16251.8,16105.6,17862.6,15781.2,15780.0,15780.0,15780.2
6.194,17555.2,16251.6,16105.6,17862.6,15781.2,15780.0,15780.0,15780.2
6.224,17555.2,16250.8,16105.6,17862.6,15781.2,15780.0,15780.0,15780.2
6.256,17555.2,16246.8,16105.6,17862.6,15781.2,15780.0,15780.0,15780.2
6.303,17555.2,16246.8,16105.6,17852.4,15781.2,15780.0,15780.0,15780.2
6.318,17555.2,16246.8,16105.6,17831.4,15781.2,15780.0,15780.0,15780.2
6.427,17555.2,16246.8,16105.6,17821.4,15781.2,15780.0,15780.0,15780.2
6.598,17555.2,16246.8,16105.6,17821.2,15781.2,15780.0,15780.0,15780.2
6.599,17555.2,16246.8,16105.6,17811.8,15781.2,15780.0,15780.0,15780.2
6.614,17555.2,16246.8,16105.6,17802.4,15781.2,15780.0,15780.0,15780.2
6.646,17555.2,16244.8,16105.6,17802.4,15781.2,15780.0,15780.0,15780.2
6.661,17555.2,16244.8,16105.6,17782.0,15781.2,15780.0,15780.0,15780.2
6.708,17555.2,16244.8,16105.6,17781.2,15781.2,15780.0,15780.0,15780.2
6.724,17555.2,16244.8,16105.6,17775.6,15781.2,15780.0,15780.0,15780.2
6.864,17555.2,16244.8,16105.6,17763.6,15781.2,15780.0,15780.0,15780.2
6.879,17555.2,16244.8,16105.6,17763.6,15781.2,15780.0,15780.0,15780.0
6.911,17555.2,16244.8,16105.6,17762.2,15781.2,15780.0,15780.0,15780.0
7.021,17555.2,16244.8,16097.2,17762.2,15781.2,15780.0,15780.0,15780.0
7.145,17555.2,16244.8,16097.2,17761.4,15781.2,15780.0,15780.0,15780.0
7.16,17555.2,16244.8,16097.2,17757.0,15781.2,15780.0,15780.0,15780.0
7.426,17555.2,16244.8,16097.2,17747.8,15781.2,15780.0,15780.0,15780.0
7.504,17555.2,16236.0,16097.2,17747.8,15781.2,15780.0,15780.0,15780.0
7.582,17555.2,16236.0,16097.2,17732.0,15781.2,15780.0,15780.0,15780.0
7.878,17555.2,16233.0,16097.2,17732.0,15781.2,15780.0,15780.0,15780.0
8.065,17555.2,16233.0,16097.2,17723.6,15781.2,15780.0,15780.0,15780.0
8.081,17555.2,16222.4,16097.2,17723.6,15781.2,15780.0,15780.0,15780.0
8.221,17555.2,16222.4,16097.2,17717.8,15781.2,15780.0,15780.0,15780.0
8.236,17555.2,16222.4,16097.2,17714.6,15781.2,15780.0,15780.0,15780.0
8.268,17555.2,16222.4,16097.2,17714.2,15781.2,15780.0,15780.0,15780.0
8.284,17555.2,16222.4,16097.2,17712.4,15781.2,15780.0,15780.0,15780.0
8.346,17555.2,16222.4,16097.2,17708.6,15781.2,15780.0,15780.0,15780.0
8.393,17555.2,16222.4,16097.2,17698.4,15781.2,15780.0,15780.0,15780.0
8.455,17555.2,16214.8,16097.2,17698.4,15781.2,15780.0,15780.0,15780.0
8.564,17555.2,16214.8,16097.2,17696.6,15781.2,15780.0,15780.0,15780.0
8.643,17555.2,16214.8,16097.2,17688.8,15781.2,15780.0,15780.0,15780.0
8.752,17555.2,16214.8,16097.2,17684.8,15781.2,15780.0,15780.0,15780.0
8.783,17555.2,16209.6,16097.2,17684.8,15781.2,15780.0,15780.0,15780.0
8.829,17555.2,16209.6,16097.2,17672.8,15781.2,15780.0,15780.0,15780.0
8.83,17555.2,16204.2,16097.2,17672.8,15781.2,15780.0,15780.0,15780.0
8.924,17555.2,16204.2,16097.2,17672.8,15780.6,15780.0,15780.0,15780.0
9.173,17555.2,16204.2,16097.2,17669.8,15780.6,15780.0,15780.0,15780.0
9.283,17555.2,16204.2,16088.8,17669.8,15780.6,15780.0,15780.0,15780.0
9.313,17555.2,16204.2,16088.8,17667.2,15780.6,15780.0,15780.0,15780.0
9.329,17555.2,16204.2,16088.8,17664.0,15780.6,15780.0,15780.0,15780.0
9.657,17555.2,16204.2,16088.8,17657.0,15780.6,15780.0,15780.0,15780.0
9.688,17555.2,16202.4,16088.8,17657.0,15780.6,15780.0,15780.0,15780.0
9.781,17555.2,16202.4,16088.8,17648.4,15780.6,15780.0,15780.0,15780.0
9.797,17555.2,16199.8,16088.8,17648.4,15780.6,15780.0,15780.0,15780.0
9.828,17555.2,16199.0,16088.8,17648.4,15780.6,15780.0,15780.0,15780.0
9.891,17555.2,16180.0,16088.8,17648.4,15780.6,15780.0,15780.0,15780.0
10.015,17555.2,16180.0,16088.8,17644.2,15780.6,15780.0,15780.0,15780.0
10.452,17555.2,16180.0,16088.8,17625.0,15780.6,15780.0,15780.0,15780.0
10.577,17555.2,16180.0,16088.8,17625.0,15780.4,15780.0,15780.0,15780.0
10.608,17555.2,16180.0,16088.8,17617.8,15780.4,15780.0,15780.0,15780.0
10.733,17538.0,16180.0,16088.8,17617.8,15780.4,15780.0,15780.0,15780.0
11.263,17538.0,16180.0,16088.8,17613.6,15780.4,15780.0,15780.0,15780.0
11.278,17538.0,16180.0,16088.8,17601.6,15780.4,15780.0,15780.0,15780.0
11.7,17538.0,16180.0,16088.8,17591.8,15780.4,15780.0,15780.0,15780.0
11.778,17538.0,16180.0,16067.0,17591.8,15780.4,15780.0,15780.0,15780.0
11.825,17538.0,16177.8,16067.0,17591.8,15780.4,15780.0,15780.0,15780.0
11.84,17538.0,16177.8,16067.0,17587.6,15780.4,15780.0,15780.0,15780.0
11.84,17538.0,16177.8,16067.0,17578.2,15780.4,15780.0,15780.0,15780.0
11.919,17538.0,16177.8,16067.0,17576.8,15780.4,15780.0,15780.0,15780.0
12.199,17538.0,16177.8,16067.0,17567.4,15780.4,15780.0,15780.0,15780.0
12.339,17538.0,16177.8,16067.0,17564.2,15780.4,15780.0,15780.0,15780.0
12.402,17538.0,16177.8,16067.0,17562.8,15780.4,15780.0,15780.0,15780.0
12.573,17538.0,16177.8,16067.0,17549.8,15780.4,15780.0,15780.0,15780.0
12.667,17538.0,16177.8,16067.0,17546.8,15780.4,15780.0,15780.0,15780.0
12.854,17538.0,16177.8,16067.0,17545.4,15780.4,15780.0,15780.0,15780.0
12.948,17538.0,16177.8,16064.6,17545.4,15780.4,15780.0,15780.0,15780.0
12.949,17526.4,16177.8,16064.6,17545.4,15780.4,15780.0,15780.0,15780.0
12.979,17526.4,16174.0,16064.6,17545.4,15780.4,15780.0,15780.0,15780.0
13.229,17526.4,16173.2,16064.6,17545.4,15780.4,15780.0,15780.0,15780.0
13.244,17526.4,16173.2,16064.6,17543.4,15780.4,15780.0,15780.0,15780.0
13.619,17526.4,16173.2,16064.6,17543.2,15780.4,15780.0,15780.0,15780.0
14.134,17526.4,16172.4,16064.6,17543.2,15780.4,15780.0,15780.0,15780.0
14.305,17526.4,16172.4,16064.6,17542.8,15780.4,15780.0,15780.0,15780.0
14.555,17526.4,16172.4,16064.6,17539.2,15780.4,15780.0,15780.0,15780.0
14.758,17526.4,16172.4,16064.6,17523.2,15780.4,15780.0,15780.0,15780.0
14.804,17526.4,16171.2,16064.6,17523.2,15780.4,15780.0,15780.0,15780.0
14.805,17517.0,16171.2,16064.6,17523.2,15780.4,15780.0,15780.0,15780.0
14.945,17517.0,16170.8,16064.6,17523.2,15780.4,15780.0,15780.0,15780.0
14.991,17517.0,16170.8,16064.6,17501.6,15780.4,15780.0,15780.0,15780.0
15.6,17517.0,16170.8,16064.6,17500.6,15780.4,15780.0,15780.0,15780.0
15.741,17517.0,16165.4,16064.6,17500.6,15780.4,15780.0,15780.0,15780.0
16.193,17517.0,16165.4,16064.6,17498.4,15780.4,15780.0,15780.0,15780.0
16.208,17517.0,16165.4,16064.6,17487.4,15780.4,15780.0,15780.0,15780.0
16.459,17517.0,16165.4,16064.6,17479.2,15780.4,15780.0,15780.0,15780.0
16.568,17517.0,16164.6,16064.6,17479.2,15780.4,15780.0,15780.0,15780.0
16.723,17517.0,16164.6,16064.6,17474.8,15780.4,15780.0,15780.0,15780.0
16.786,17517.0,16164.6,16064.6,17474.6,15780.4,15780.0,15780.0,15780.0
18.315,17517.0,16164.6,16064.6,17471.8,15780.4,15780.0,15780.0,15780.0
18.33,17517.0,16164.6,16064.6,17464.4,15780.4,15780.0,15780.0,15780.0
18.331,17517.0,16159.8,16064.6,17464.4,15780.4,15780.0,15780.0,15780.0
18.518,17517.0,16159.8,16064.6,17453.6,15780.4,15780.0,15780.0,15780.0
18.595,17517.0,16159.8,16064.6,17443.4,15780.4,15780.0,15780.0,15780.0
18.611,17517.0,16159.8,16064.6,17443.2,15780.4,15780.0,15780.0,15780.0
18.954,17517.0,16159.8,16064.6,17442.2,15780.4,15780.0,15780.0,15780.0
19.282,17517.0,16159.8,16064.6,17437.8,15780.4,15780.0,15780.0,15780.0
19.344,17517.0,16159.8,16062.4,17437.8,15780.4,15780.0,15780.0,15780.0
19.468,17517.0,16159.8,16062.4,17430.6,15780.4,15780.0,15780.0,15780.0
19.469,17517.0,16159.8,16062.4,17426.8,15780.4,15780.0,15780.0,15780.0
19.578,17517.0,16159.8,16062.4,17414.6,15780.4,15780.0,15780.0,15780.0
19.812,17517.0,16159.6,16062.4,17414.6,15780.4,15780.0,15780.0,15780.0
19.89,17517.0,16159.6,16062.4,17411.6,15780.4,15780.0,15780.0,15780.0
19.906,17517.0,16159.6,16062.4,17398.2,15780.4,15780.0,15780.0,15780.0
19.952,17517.0,16157.6,16062.4,17384.6,15780.4,15780.0,15780.0,15780.0
20.171,17517.0,16157.6,16062.4,17377.2,15780.4,15780.0,15780.0,15780.0
20.187,17517.0,16157.6,16062.4,17372.2,15780.4,15780.0,15780.0,15780.0
20.467,17517.0,16157.6,16062.4,17366.2,15780.4,15780.0,15780.0,15780.0
20.982,17517.0,16156.8,16062.4,17366.2,15780.4,15780.0,15780.0,15780.0
21.013,17517.0,16156.8,16062.4,17362.8,15780.4,15780.0,15780.0,15780.0
21.075,17517.0,16156.8,16062.4,17360.4,15780.4,15780.0,15780.0,15780.0
21.294,17517.0,16153.6,16062.4,17360.4,15780.4,15780.0,15780.0,15780.0
21.325,17517.0,16153.6,16062.4,17351.8,15780.4,15780.0,15780.0,15780.0
21.341,17517.0,16153.6,16062.4,17350.2,15780.4,15780.0,15780.0,15780.0
21.388,17517.0,16153.6,16062.4,17341.4,15780.4,15780.0,15780.0,15780.0
21.45,17517.0,16153.6,16062.4,17340.4,15780.4,15780.0,15780.0,15780.0
21.512,17517.0,16152.2,16059.8,17340.4,15780.4,15780.0,15780.0,15780.0
21.747,17517.0,16152.2,16059.8,17339.0,15780.4,15780.0,15780.0,15780.0
21.902,17517.0,16152.2,16059.8,17336.6,15780.4,15780.0,15780.0,15780.0
21.918,17517.0,16152.2,16059.8,17334.0,15780.4,15780.0,15780.0,15780.0
21.98,17517.0,16152.2,16059.8,17328.6,15780.4,15780.0,15780.0,15780.0
22.059,17517.0,16152.2,16059.8,17321.4,15780.4,15780.0,15780.0,15780.0
22.09,17517.0,16152.2,16059.8,17320.2,15780.4,15780.0,15780.0,15780.0
22.137,17517.0,16152.2,16059.8,17318.0,15780.4,15780.0,15780.0,15780.0
22.183,17517.0,16152.2,16059.8,17302.6,15780.4,15780.0,15780.0,15780.0
22.386,17517.0,16152.2,16059.8,17295.6,15780.2,15780.0,15780.0,15780.0
22.433,17517.0,16152.2,16059.8,17282.2,15780.2,15780.0,15780.0,15780.0
22.48,17517.0,16152.2,16059.8,17261.8,15780.2,15780.0,15780.0,15780.0
22.495,17517.0,16152.2,16059.8,17259.2,15780.2,15780.0,15780.0,15780.0
23.041,17517.0,16152.2,16059.8,17256.2,15780.2,15780.0,15780.0,15780.0
23.135,17517.0,16152.2,16059.8,17246.8,15780.2,15780.0,15780.0,15780.0
23.197,17517.0,16152.2,16059.8,17244.0,15780.2,15780.0,15780.0,15780.0
23.806,17517.0,16152.2,16059.8,17239.6,15780.2,15780.0,15780.0,15780.0
24.055,17517.0,16152.2,16059.8,17236.2,15780.2,15780.0,15780.0,15780.0
24.102,17517.0,16152.2,16059.8,17229.8,15780.2,15780.0,15780.0,15780.0
24.258,17517.0,16152.2,16059.8,17225.8,15780.2,15780.0,15780.0,15780.0
24.274,17517.0,16152.2,16059.8,17216.2,15780.2,15780.0,15780.0,15780.0
24.321,17517.0,16152.2,16059.8,17212.4,15780.2,15780.0,15780.0,15780.0
24.445,17517.0,16152.2,16059.8,17197.4,15780.2,15780.0,15780.0,15780.0
24.632,17517.0,16152.2,16059.8,17191.2,15780.2,15780.0,15780.0,15780.0
24.664,17517.0,16152.2,16059.8,17191.0,15780.2,15780.0,15780.0,15780.0
24.851,17517.0,16152.2,16059.8,17190.6,15780.2,15780.0,15780.0,15780.0
25.085,17517.0,16152.2,16059.8,17182.6,15780.2,15780.0,15780.0,15780.0
25.287,17517.0,16152.2,16059.8,17181.6,15780.2,15780.0,15780.0,15780.0
25.319,17439.8,16152.2,16059.8,17181.6,15780.2,15780.0,15780.0,15780.0
25.335,17439.8,16146.8,16059.8,17181.6,15780.2,15780.0,15780.0,15780.0
25.537,17439.8,16146.8,16055.4,17181.6,15780.2,15780.0,15780.0,15780.0
25.771,17439.8,16143.2,16055.4,17181.6,15780.2,15780.0,15780.0,15780.0
26.052,17439.8,16143.2,16055.4,17172.2,15780.2,15780.0,15780.0,15780.0
26.068,17439.8,16143.2,16055.4,17166.8,15780.2,15780.0,15780.0,15780.0
26.598,17439.8,16143.2,16055.4,17164.0,15780.2,15780.0,15780.0,15780.0
26.629,17439.8,16143.2,16055.4,17160.6,15780.2,15780.0,15780.0,15780.0
27.051,17439.8,16143.2,16055.4,17158.4,15780.2,15780.0,15780.0,15780.0
27.129,17439.8,16143.2,16055.4,17144.4,15780.2,15780.0,15780.0,15780.0
27.129,17439.8,16143.2,16055.4,17135.6,15780.2,15780.0,15780.0,15780.0
27.659,17439.8,16143.2,16055.4,17134.2,15780.2,15780.0,15780.0,15780.0
27.893,17439.8,16143.2,16055.4,17133.4,15780.2,15780.0,15780.0,15780.0
28.564,17439.8,16141.2,16055.4,17133.4,15780.2,15780.0,15780.0,15780.0
29.11,17439.8,16141.2,16055.4,17131.8,15780.2,15780.0,15780.0,15780.0
29.141,17439.8,16141.2,16055.4,17131.2,15780.2,15780.0,15780.0,15780.0
29.156,17439.8,16135.8,16055.4,17131.2,15780.2,15780.0,15780.0,15780.0
29.422,17439.8,16135.8,16055.4,17122.2,15780.2,15780.0,15780.0,15780.0
29.469,17439.8,16135.8,16055.4,17112.0,15780.2,15780.0,15780.0,15780.0
29.578,17439.8,16135.8,16055.4,17110.6,15780.2,15780.0,15780.0,15780.0
29.812,17439.8,16135.8,16055.4,17102.8,15780.2,15780.0,15780.0,15780.0
30.124,17439.8,16135.8,16055.4,17100.0,15780.2,15780.0,15780.0,15780.0
30.124,17439.8,16135.8,16055.4,17099.8,15780.2,15780.0,15780.0,15780.0
30.264,17439.8,16135.8,16055.4,17098.6,15780.2,15780.0,15780.0,15780.0
30.483,17439.8,16135.8,16055.4,17095.6,15780.2,15780.0,15780.0,15780.0
30.592,17439.8,16135.8,16055.4,17092.8,15780.2,15780.0,15780.0,15780.0
30.701,17439.8,16135.8,16055.4,17087.0,15780.2,15780.0,15780.0,15780.0
30.936,17439.8,16132.4,16055.4,17087.0,15780.2,15780.0,15780.0,15780.0
30.951,17439.8,16132.4,16055.4,17085.2,15780.2,15780.0,15780.0,15780.0
31.029,17439.8,16132.4,16055.4,17082.4,15780.2,15780.0,15780.0,15780.0
31.044,17439.8,16132.4,16055.4,17079.8,15780.2,15780.0,15780.0,15780.0
31.606,17439.8,16132.4,16055.4,17079.2,15780.2,15780.0,15780.0,15780.0
31.668,17439.8,16132.4,16055.4,17075.2,15780.2,15780.0,15780.0,15780.0
31.84,17439.8,16132.4,16055.4,17070.2,15780.2,15780.0,15780.0,15780.0
31.996,17439.8,16125.4,16055.4,17070.2,15780.2,15780.0,15780.0,15780.0
32.823,17439.8,16125.4,16055.4,17058.2,15780.2,15780.0,15780.0,15780.0
33.088,17439.8,16125.4,16055.4,17055.2,15780.2,15780.0,15780.0,15780.0
33.774,17439.8,16125.4,16055.4,17041.8,15780.2,15780.0,15780.0,15780.0
34.18,17439.8,16125.4,16055.4,17031.0,15780.2,15780.0,15780.0,15780.0
34.274,17439.8,16125.4,16055.4,17030.0,15780.2,15780.0,15780.0,15780.0
34.304,17417.4,16125.4,16055.4,17030.0,15780.2,15780.0,15780.0,15780.0
34.367,17417.4,16125.4,16055.4,17028.8,15780.2,15780.0,15780.0,15780.0
34.383,17417.4,16125.4,16055.4,17022.0,15780.2,15780.0,15780.0,15780.0
34.445,17417.4,16125.4,16055.4,17013.2,15780.2,15780.0,15780.0,15780.0
34.477,17417.4,16125.4,16055.4,17004.4,15780.2,15780.0,15780.0,15780.0
34.491,17417.4,16116.0,16055.4,17004.4,15780.2,15780.0,15780.0,15780.0
34.726,17417.4,16116.0,16055.4,16997.0,15780.2,15780.0,15780.0,15780.0
34.773,17417.4,16116.0,16055.4,16989.8,15780.2,15780.0,15780.0,15780.0
34.789,17417.4,16116.0,16055.4,16985.4,15780.2,15780.0,15780.0,15780.0
34.819,17417.4,16113.2,16055.4,16985.4,15780.2,15780.0,15780.0,15780.0
34.944,17417.4,16113.2,16055.4,16985.4,15780.0,15780.0,15780.0,15780.0
35.131,17417.4,16113.2,16055.4,16972.0,15780.0,15780.0,15780.0,15780.0
35.334,17417.4,16113.2,16055.4,16963.6,15780.0,15780.0,15780.0,15780.0
35.381,17417.4,16113.2,16055.4,16959.2,15780.0,15780.0,15780.0,15780.0
35.787,17417.4,16113.2,16055.4,16954.6,15780.0,15780.0,15780.0,15780.0
36.021,17411.8,16113.2,16055.4,16954.6,15780.0,15780.0,15780.0,15780.0
36.692,17411.8,16106.8,16055.4,16954.6,15780.0,15780.0,15780.0,15780.0
36.832,17411.8,16106.8,16055.4,16946.6,15780.0,15780.0,15780.0,15780.0
37.098,17411.8,16106.4,16055.4,16946.6,15780.0,15780.0,15780.0,15780.0
37.41,17411.8,16106.4,16055.4,16937.8,15780.0,15780.0,15780.0,15780.0
37.986,17411.8,16106.4,16055.4,16936.6,15780.0,15780.0,15780.0,15780.0
39.672,17411.8,16106.4,16055.4,16927.8,15780.0,15780.0,15780.0,15780.0
40.982,17411.8,16106.4,16055.4,16924.0,15780.0,15780.0,15780.0,15780.0
41.029,17411.8,16106.4,16055.4,16917.6,15780.0,15780.0,15780.0,15780.0
42.417,17411.8,16106.4,16055.4,16914.8,15780.0,15780.0,15780.0,15780.0
42.807,17411.8,16106.4,16055.4,16911.2,15780.0,15780.0,15780.0,15780.0
43.633,17411.8,16106.4,16055.4,16907.6,15780.0,15780.0,15780.0,15780.0
43.883,17411.8,16103.0,16055.4,16907.6,15780.0,15780.0,15780.0,15780.0
43.977,17411.8,16103.0,16055.4,16900.4,15780.0,15780.0,15780.0,15780.0
43.977,17411.8,16103.0,16055.4,16894.8,15780.0,15780.0,15780.0,15780.0
44.008,17411.8,16103.0,16055.4,16890.2,15780.0,15780.0,15780.0,15780.0
44.04,17300.6,16103.0,16055.4,16890.2,15780.0,15780.0,15780.0,15780.0
44.195,17300.6,16103.0,16055.4,16882.8,15780.0,15780.0,15780.0,15780.0
44.429,17300.6,16102.8,16055.4,16882.8,15780.0,15780.0,15780.0,15780.0
46.207,17300.6,16102.8,16055.4,16880.2,15780.0,15780.0,15780.0,15780.0
47.673,17300.6,16097.4,16055.4,16880.2,15780.0,15780.0,15780.0,15780.0
47.69,17300.6,16097.4,16055.4,16878.2,15780.0,15780.0,15780.0,15780.0
47.752,17300.6,16097.4,16055.4,16878.0,15780.0,15780.0,15780.0,15780.0
47.752,17300.6,16097.4,16055.4,16872.4,15780.0,15780.0,15780.0,15780.0
47.768,17300.6,16097.4,16055.4,16868.2,15780.0,15780.0,15780.0,15780.0
47.924,17300.6,16097.4,16055.4,16867.8,15780.0,15780.0,15780.0,15780.0
48.049,17300.6,16093.0,16055.4,16867.8,15780.0,15780.0,15780.0,15780.0
48.142,17300.6,16093.0,16055.4,16855.8,15780.0,15780.0,15780.0,15780.0
48.251,17300.6,16093.0,16055.4,16849.4,15780.0,15780.0,15780.0,15780.0
48.704,17300.6,16093.0,16055.4,16847.4,15780.0,15780.0,15780.0,15780.0
48.75,17300.6,16093.0,16055.4,16842.2,15780.0,15780.0,15780.0,15780.0
48.875,17300.6,16092.0,16055.4,16842.2,15780.0,15780.0,15780.0,15780.0
49.078,17300.6,16092.0,16055.4,16839.2,15780.0,15780.0,15780.0,15780.0
49.281,17300.6,16092.0,16051.2,16839.2,15780.0,15780.0,15780.0,15780.0
49.405,17300.6,16092.0,16051.2,16836.2,15780.0,15780.0,15780.0,15780.0
51.106,17300.6,16092.0,16051.2,16830.0,15780.0,15780.0,15780.0,15780.0
52.182,17300.6,16092.0,16051.2,16827.6,15780.0,15780.0,15780.0,15780.0
52.198,17300.6,16092.0,16051.2,16823.6,15780.0,15780.0,15780.0,15780.0
52.619,17300.6,16092.0,16051.2,16820.6,15780.0,15780.0,15780.0,15780.0
53.196,17300.6,16087.8,16051.2,16820.6,15780.0,15780.0,15780.0,15780.0
53.976,17300.6,16087.8,16051.2,16817.6,15780.0,15780.0,15780.0,15780.0
54.569,17300.6,16087.8,16051.2,16815.8,15780.0,15780.0,15780.0,15780.0
54.631,17300.6,16087.8,16051.2,16815.6,15780.0,15780.0,15780.0,15780.0
55.177,17300.6,16087.8,16051.2,16813.0,15780.0,15780.0,15780.0,15780.0
55.286,17300.6,16078.0,16051.2,16813.0,15780.0,15780.0,15780.0,15780.0
57.393,17300.6,16078.0,16051.2,16790.2,15780.0,15780.0,15780.0,15780.0
57.986,17300.6,16078.0,16051.2,16772.0,15780.0,15780.0,15780.0,15780.0
59.546,17300.6,16078.0,16051.2,16770.4,15780.0,15780.0,15780.0,15780.0
60.372,17300.6,16078.0,16051.2,16761.6,15780.0,15780.0,15780.0,15780.0
60.794,17300.6,16078.0,16048.2,16761.6,15780.0,15780.0,15780.0,15780.0
61.449,17300.6,16078.0,16048.2,16757.6,15780.0,15780.0,15780.0,15780.0
62.119,17300.6,16077.2,16048.2,16757.6,15780.0,15780.0,15780.0,15780.0
62.915,17300.6,16077.2,16048.2,16757.2,15780.0,15780.0,15780.0,15780.0
63.321,17300.6,16077.2,16046.8,16757.2,15780.0,15780.0,15780.0,15780.0
63.633,17300.6,16077.2,16046.8,16739.4,15780.0,15780.0,15780.0,15780.0
63.695,17300.6,16077.2,16046.8,16731.6,15780.0,15780.0,15780.0,15780.0
63.851,17300.6,16077.2,16046.8,16722.4,15780.0,15780.0,15780.0,15780.0
64.382,17300.6,16077.2,16046.0,16722.4,15780.0,15780.0,15780.0,15780.0
64.397,17300.6,16077.2,16046.0,16717.2,15780.0,15780.0,15780.0,15780.0
64.739,17300.6,16073.2,16046.0,16717.2,15780.0,15780.0,15780.0,15780.0
66.799,17300.6,16073.2,16046.0,16716.4,15780.0,15780.0,15780.0,15780.0
68.141,17300.6,16073.2,16046.0,16713.0,15780.0,15780.0,15780.0,15780.0
68.25,17300.6,16073.2,16046.0,16707.4,15780.0,15780.0,15780.0,15780.0
68.25,17300.6,16073.2,16046.0,16700.4,15780.0,15780.0,15780.0,15780.0
68.453,17300.6,16073.2,16046.0,16694.0,15780.0,15780.0,15780.0,15780.0
68.921,17300.6,16073.2,16046.0,16692.0,15780.0,15780.0,15780.0,15780.0
70.497,17300.6,16073.2,16046.0,16686.0,15780.0,15780.0,15780.0,15780.0
71.402,17300.6,16072.0,16046.0,16686.0,15780.0,15780.0,15780.0,15780.0
75.442,17300.6,16072.0,16046.0,16682.6,15780.0,15780.0,15780.0,15780.0
79.248,17300.6,16069.2,16046.0,16682.6,15780.0,15780.0,15780.0,15780.0
80.605,17300.6,16069.2,16043.6,16682.6,15780.0,15780.0,15780.0,15780.0
80.854,17300.6,16067.8,16043.6,16682.6,15780.0,15780.0,15780.0,15780.0
81.276,17300.6,16067.8,16043.6,16680.2,15780.0,15780.0,15780.0,15780.0
82.415,17300.6,16067.8,16043.6,16673.2,15780.0,15780.0,15780.0,15780.0
82.43,17300.6,16067.8,16043.6,16669.8,15780.0,15780.0,15780.0,15780.0
82.759,17300.6,16067.8,16034.2,16669.8,15780.0,15780.0,15780.0,15780.0
83.258,17300.6,16067.8,16034.2,16665.4,15780.0,15780.0,15780.0,15780.0
83.694,17300.6,16067.8,16034.2,16648.2,15780.0,15780.0,15780.0,15780.0
84.771,17300.6,16067.8,16031.4,16648.2,15780.0,15780.0,15780.0,15780.0
87.953,17300.6,16065.0,16031.4,16648.2,15780.0,15780.0,15780.0,15780.0
88.219,17300.6,16065.0,16031.4,16644.2,15780.0,15780.0,15780.0,15780.0
90.73,17300.6,16063.4,16031.4,16644.2,15780.0,15780.0,15780.0,15780.0
93.195,17300.6,16057.8,16031.4,16644.2,15780.0,15780.0,15780.0,15780.0
94.194,17285.6,16057.8,16031.4,16644.2,15780.0,15780.0,15780.0,15780.0
94.615,17285.6,16057.8,16031.4,16641.4,15780.0,15780.0,15780.0,15780.0
95.363,17285.6,16057.8,16031.4,16636.8,15780.0,15780.0,15780.0,15780.0
95.598,17285.6,16057.8,16022.0,16636.8,15780.0,15780.0,15780.0,15780.0
95.691,17285.6,16057.8,16022.0,16633.6,15780.0,15780.0,15780.0,15780.0
97.642,17285.6,16057.8,16020.0,16633.6,15780.0,15780.0,15780.0,15780.0
97.813,17285.6,16053.4,16020.0,16633.6,15780.0,15780.0,15780.0,15780.0
98.546,17285.6,16053.4,16008.0,16633.6,15780.0,15780.0,15780.0,15780.0
98.64,17285.6,16053.4,16008.0,16632.8,15780.0,15780.0,15780.0,15780.0
99.841,17285.6,16053.4,16008.0,16632.0,15780.0,15780.0,15780.0,15780.0
99.856,17285.6,16053.4,16008.0,16625.6,15780.0,15780.0,15780.0,15780.0
100.059,17285.6,16053.4,16008.0,16621.6,15780.0,15780.0,15780.0,15780.0
101.541,17285.6,16053.4,16008.0,16618.8,15780.0,15780.0,15780.0,15780.0
101.65,17285.6,16053.4,16008.0,16612.0,15780.0,15780.0,15780.0,15780.0
105.176,17285.6,16053.4,16008.0,16609.4,15780.0,15780.0,15780.0,15780.0
105.285,17285.6,16053.4,16008.0,16603.6,15780.0,15780.0,15780.0,15780.0
106.08,17285.6,16050.4,16008.0,16603.6,15780.0,15780.0,15780.0,15780.0
106.673,17285.6,16050.4,16005.4,16603.6,15780.0,15780.0,15780.0,15780.0
108.795,17285.6,16050.4,16005.4,16603.2,15780.0,15780.0,15780.0,15780.0
109.98,17285.6,16050.4,16005.4,16599.6,15780.0,15780.0,15780.0,15780.0
109.98,17285.6,16050.4,16005.4,16592.2,15780.0,15780.0,15780.0,15780.0
110.573,17285.6,16050.4,16005.4,16589.0,15780.0,15780.0,15780.0,15780.0
111.088,17285.6,16050.4,16005.4,16588.8,15780.0,15780.0,15780.0,15780.0
111.774,17285.6,16049.4,16005.4,16588.8,15780.0,15780.0,15780.0,15780.0
113.054,17285.6,16049.4,16005.4,16584.8,15780.0,15780.0,15780.0,15780.0
113.896,17285.6,16049.4,16005.4,16584.0,15780.0,15780.0,15780.0,15780.0
114.099,17285.6,16049.2,16005.4,16584.0,15780.0,15780.0,15780.0,15780.0
114.162,17285.6,16049.2,16003.0,16584.0,15780.0,15780.0,15780.0,15780.0
116.61,17285.6,16045.4,16003.0,16584.0,15780.0,15780.0,15780.0,15780.0
119.184,17285.6,16045.4,16003.0,16581.0,15780.0,15780.0,15780.0,15780.0
119.887,17285.6,16035.8,16003.0,16581.0,15780.0,15780.0,15780.0,15780.0
121.088,17285.6,16035.8,16002.2,16581.0,15780.0,15780.0,15780.0,15780.0
124.067,17285.6,16035.8,16002.2,16578.0,15780.0,15780.0,15780.0,15780.0
125.955,17285.6,16035.8,16002.2,16577.2,15780.0,15780.0,15780.0,15780.0
125.986,17285.6,16035.8,16002.2,16574.4,15780.0,15780.0,15780.0,15780.0
129.044,17285.6,16035.0,16002.2,16574.4,15780.0,15780.0,15780.0,15780.0
132.21,17285.6,16032.2,16002.2,16574.4,15780.0,15780.0,15780.0,15780.0
133.007,17285.6,16029.6,16002.2,16574.4,15780.0,15780.0,15780.0,15780.0
133.677,17285.6,16029.6,15999.8,16574.4,15780.0,15780.0,15780.0,15780.0
136.984,17285.6,16026.8,15999.8,16574.4,15780.0,15780.0,15780.0,15780.0
137.296,17285.6,16026.0,15999.8,16574.4,15780.0,15780.0,15780.0,15780.0
138.872,17285.6,16021.6,15999.8,16574.4,15780.0,15780.0,15780.0,15780.0
142.196,17285.6,16019.4,15999.8,16574.4,15780.0,15780.0,15780.0,15780.0
146.689,17281.8,16019.4,15999.8,16574.4,15780.0,15780.0,15780.0,15780.0
147.015,17281.8,16019.4,15999.8,16572.8,15780.0,15780.0,15780.0,15780.0
148.294,17281.8,16019.4,15999.8,16565.8,15780.0,15780.0,15780.0,15780.0
148.903,17281.8,16019.4,15999.8,16565.6,15780.0,15780.0,15780.0,15780.0
149.558,17281.8,16019.4,15999.8,16564.6,15780.0,15780.0,15780.0,15780.0
149.605,17281.8,16019.4,15999.8,16535.6,15780.0,15780.0,15780.0,15780.0
150.65,17281.8,16019.4,15999.8,16534.6,15780.0,15780.0,15780.0,15780.0
152.288,17281.8,16019.4,15999.8,16531.2,15780.0,15780.0,15780.0,15780.0
157.701,17281.8,16019.4,15999.8,16525.4,15780.0,15780.0,15780.0,15780.0
157.717,17281.8,16019.4,15999.8,16525.0,15780.0,15780.0,15780.0,15780.0
157.795,17281.8,16019.4,15999.8,16523.6,15780.0,15780.0,15780.0,15780.0
159.886,17281.8,16019.4,15999.8,16519.6,15780.0,15780.0,15780.0,15780.0
160.635,17256.2,16019.4,15999.8,16519.6,15780.0,15780.0,15780.0,15780.0
161.133,17256.2,16019.4,15999.8,16515.8,15780.0,15780.0,15780.0,15780.0
166.828,17256.2,16019.4,15999.8,16504.2,15780.0,15780.0,15780.0,15780.0
166.843,17256.2,16019.4,15999.8,16500.2,15780.0,15780.0,15780.0,15780.0
167.186,17256.2,16019.4,15999.8,16498.4,15780.0,15780.0,15780.0,15780.0
167.218,17256.2,16018.8,15999.8,16498.4,15780.0,15780.0,15780.0,15780.0
167.95,17256.2,16015.8,15999.8,16498.4,15780.0,15780.0,15780.0,15780.0
170.384,17256.2,16015.8,15999.8,16494.2,15780.0,15780.0,15780.0,15780.0
171.055,17256.2,16015.8,15999.8,16493.6,15780.0,15780.0,15780.0,15780.0
174.97,17256.2,16015.8,15999.8,16489.4,15780.0,15780.0,15780.0,15780.0
174.987,17256.2,16015.8,15999.8,16486.4,15780.0,15780.0,15780.0,15780.0
176.468,17256.2,16015.8,15999.8,16480.6,15780.0,15780.0,15780.0,15780.0
177.607,17256.2,16014.2,15999.8,16480.6,15780.0,15780.0,15780.0,15780.0
177.919,17256.2,16013.4,15999.8,16480.6,15780.0,15780.0,15780.0,15780.0
180.243,17256.2,16013.4,15999.8,16477.6,15780.0,15780.0,15780.0,15780.0
182.709,17256.2,16013.4,15999.8,16474.6,15780.0,15780.0,15780.0,15780.0
183.067,17256.2,16013.4,15999.8,16468.6,15780.0,15780.0,15780.0,15780.0
186.311,17256.2,16013.4,15999.8,16465.0,15780.0,15780.0,15780.0,15780.0
186.421,17256.2,16013.4,15999.8,16455.2,15780.0,15780.0,15780.0,15780.0
187.794,17256.2,16013.4,15999.8,16446.8,15780.0,15780.0,15780.0,15780.0
188.652,17256.2,16013.4,15999.8,16446.0,15780.0,15780.0,15780.0,15780.0
195.469,17256.2,16013.4,15999.8,16444.4,15780.0,15780.0,15780.0,15780.0
196.25,17256.2,16013.4,15999.8,16440.4,15780.0,15780.0,15780.0,15780.0
199.244,17256.2,16012.4,15999.8,16440.4,15780.0,15780.0,15780.0,15780.0
202.443,17256.2,16012.4,15997.2,16440.4,15780.0,15780.0,15780.0,15780.0
204.517,17256.2,16012.4,15995.6,16440.4,15780.0,15780.0,15780.0,15780.0
207.606,17256.2,16012.4,15995.6,16437.6,15780.0,15780.0,15780.0,15780.0
209.244,17256.2,16012.4,15993.4,16437.6,15780.0,15780.0,15780.0,15780.0
211.444,17256.2,16012.4,15993.4,16435.0,15780.0,15780.0,15780.0,15780.0
214.064,17256.2,16011.4,15993.4,16435.0,15780.0,15780.0,15780.0,15780.0
216.435,17256.2,16011.4,15993.4,16431.8,15780.0,15780.0,15780.0,15780.0
216.467,17256.2,16011.4,15993.4,16430.4,15780.0,15780.0,15780.0,15780.0
217.278,17256.2,16005.8,15993.4,16430.4,15780.0,15780.0,15780.0,15780.0
218.682,17256.2,16005.8,15993.4,16428.0,15780.0,15780.0,15780.0,15780.0
218.729,17256.2,16004.2,15993.4,16428.0,15780.0,15780.0,15780.0,15780.0
220.367,17256.2,16000.8,15993.4,16428.0,15780.0,15780.0,15780.0,15780.0
220.788,17256.2,16000.0,15993.4,16428.0,15780.0,15780.0,15780.0,15780.0
221.054,17256.2,16000.0,15993.4,16421.4,15780.0,15780.0,15780.0,15780.0
222.27,17256.2,16000.0,15993.4,16420.8,15780.0,15780.0,15780.0,15780.0
229.976,17256.2,16000.0,15993.2,16420.8,15780.0,15780.0,15780.0,15780.0
230.881,17256.2,16000.0,15985.6,16420.8,15780.0,15780.0,15780.0,15780.0
232.067,17256.2,15997.0,15985.6,16420.8,15780.0,15780.0,15780.0,15780.0
235.702,17256.2,15997.0,15985.6,16414.8,15780.0,15780.0,15780.0,15780.0
253.798,17256.2,15997.0,15985.6,16411.8,15780.0,15780.0,15780.0,15780.0
263.829,17256.2,15997.0,15985.6,16405.2,15780.0,15780.0,15780.0,15780.0
270.724,17256.2,15997.0,15985.6,16401.4,15780.0,15780.0,15780.0,15780.0
275.076,17256.2,15997.0,15985.6,16398.2,15780.0,15780.0,15780.0,15780.0
283.111,17256.2,15997.0,15985.6,16394.4,15780.0,15780.0,15780.0,15780.0
290.863,17246.8,15997.0,15985.6,16394.4,15780.0,15780.0,15780.0,15780.0
291.394,17246.8,15997.0,15985.6,16393.2,15780.0,15780.0,15780.0,15780.0
291.504,17246.8,15997.0,15985.6,16392.6,15780.0,15780.0,15780.0,15780.0
292.424,17246.8,15997.0,15985.6,16392.4,15780.0,15780.0,15780.0,15780.0
