tiempo,SH,SCH,SHMM,SHMP,SH-BL,SCH-BL,SHMM-BL,SHMP-BL
0.0,875.4,654.0,877.4,876.2,545.4,544.0,546.4,544.8
0.0,817.0,623.8,853.4,819.4,544.0,540.2,544.4,543.0
0.0,764.8,611.4,825.4,774.0,544.0,539.6,543.6,541.8
0.0,725.6,606.0,818.0,765.4,544.0,539.6,543.6,541.8
0.0,684.2,598.0,788.6,757.8,544.0,539.6,543.6,541.8
0.0,663.4,595.6,763.6,744.2,544.0,539.6,543.6,541.8
0.0,646.2,591.6,751.2,733.6,544.0,539.6,543.6,541.8
0.0,630.8,590.6,729.6,728.2,544.0,539.6,543.6,541.8
0.0,620.2,589.8,718.6,724.2,544.0,539.6,543.6,541.8
0.0,618.0,589.8,702.4,722.2,544.0,539.6,543.6,541.8
0.0,606.8,589.8,690.4,712.6,544.0,539.6,543.6,541.8
0.0,605.2,589.8,684.0,709.6,544.0,539.6,543.6,541.8
0.0,603.8,589.8,673.4,707.4,544.0,539.6,543.6,541.8
0.0,603.8,589.8,669.0,704.0,544.0,539.6,543.6,541.8
0.0,603.8,589.8,668.8,703.6,544.0,539.6,543.6,541.8
0.0,603.8,589.8,668.8,702.4,544.0,539.6,543.6,541.8
0.0,603.8,589.8,668.8,700.2,544.0,539.6,543.6,541.8
0.015,599.0,589.6,655.6,686.6,543.4,539.6,543.2,541.4
0.015,593.8,589.4,638.4,682.8,542.8,539.6,543.0,540.8
0.015,590.6,587.8,631.0,678.2,542.8,539.6,542.2,540.4
0.015,587.2,587.4,622.0,675.2,542.8,539.6,542.2,539.8
0.015,587.2,587.4,614.8,672.6,542.8,539.6,542.2,539.8
0.015,587.2,587.4,604.0,669.4,542.8,539.6,542.2,539.8
0.015,587.2,587.4,603.2,662.2,542.8,539.6,542.2,539.8
0.015,587.2,587.4,593.4,660.4,542.8,539.6,542.2,539.8
0.015,587.2,587.4,584.8,659.2,542.8,539.6,542.2,539.8
0.015,587.2,587.4,584.8,657.4,542.8,539.6,542.2,539.8
0.015,587.2,587.4,584.8,655.4,542.8,539.6,542.2,539.8
0.016,586.2,577.8,584.2,655.2,540.0,539.2,539.8,539.0
0.016,586.2,575.0,581.6,652.4,539.0,538.6,538.6,538.0
0.016,586.2,570.0,580.0,651.4,538.0,538.0,538.6,538.0
0.016,586.2,568.2,579.4,651.2,538.0,538.0,538.6,538.0
0.016,586.2,565.2,579.0,649.8,538.0,538.0,538.6,538.0
0.016,586.2,564.6,578.4,647.8,538.0,538.0,538.6,538.0
0.016,586.2,564.6,578.0,647.8,538.0,538.0,538.6,538.0
0.031,585.2,559.8,569.2,642.4,538.0,538.0,538.0,538.0
0.031,585.2,559.2,565.0,638.4,538.0,538.0,538.0,538.0
0.031,585.2,559.2,560.8,636.8,538.0,538.0,538.0,538.0
0.031,585.2,559.2,560.0,635.4,538.0,538.0,538.0,538.0
0.031,585.2,559.2,559.2,635.0,538.0,538.0,538.0,538.0
0.031,585.2,559.2,559.2,634.8,538.0,538.0,538.0,538.0
0.031,585.2,559.2,559.2,634.6,538.0,538.0,538.0,538.0
0.032,583.6,558.4,559.0,634.6,538.0,538.0,538.0,538.0
0.032,582.6,558.4,558.2,634.6,538.0,538.0,538.0,538.0
0.046,582.4,558.4,557.4,632.8,538.0,538.0,538.0,538.0
0.046,582.4,558.4,557.4,631.8,538.0,538.0,538.0,538.0
0.046,582.4,558.4,557.4,630.2,538.0,538.0,538.0,538.0
0.046,582.4,558.4,557.4,628.8,538.0,538.0,538.0,538.0
0.046,582.4,558.4,557.4,627.6,538.0,538.0,538.0,538.0
0.046,582.4,558.4,557.4,626.2,538.0,538.0,538.0,538.0
0.047,580.0,557.2,554.6,624.8,538.0,538.0,538.0,538.0
0.047,576.6,557.0,553.6,624.2,538.0,538.0,538.0,538.0
0.047,576.6,556.6,553.2,624.2,538.0,538.0,538.0,538.0
0.047,576.6,556.6,552.0,624.2,538.0,538.0,538.0,538.0
0.047,576.6,556.6,551.8,624.2,538.0,538.0,538.0,538.0
0.047,576.6,556.6,551.6,624.2,538.0,538.0,538.0,538.0
0.062,576.6,555.6,551.4,621.2,538.0,538.0,538.0,538.0
0.062,576.6,555.6,551.4,617.6,538.0,538.0,538.0,538.0
0.062,576.6,555.6,551.4,612.0,538.0,538.0,538.0,538.0
0.062,576.6,555.6,551.4,609.8,538.0,538.0,538.0,538.0
0.062,576.6,555.6,551.4,606.8,538.0,538.0,538.0,538.0
0.062,576.6,555.6,551.4,606.4,538.0,538.0,538.0,538.0
0.062,576.6,555.6,551.4,606.2,538.0,538.0,538.0,538.0
0.062,576.6,555.6,551.4,605.0,538.0,538.0,538.0,538.0
0.063,574.4,555.6,551.4,605.0,538.0,538.0,538.0,538.0
0.078,574.2,555.6,551.4,602.4,538.0,538.0,538.0,538.0
0.078,570.4,555.6,551.4,600.6,538.0,538.0,538.0,538.0
0.078,570.4,555.6,551.4,599.0,538.0,538.0,538.0,538.0
0.078,570.4,555.6,551.4,596.2,538.0,538.0,538.0,538.0
0.093,568.2,555.6,551.2,593.4,538.0,538.0,538.0,538.0
0.093,568.2,555.6,551.2,593.0,538.0,538.0,538.0,538.0
0.093,568.2,555.6,551.2,591.2,538.0,538.0,538.0,538.0
0.094,568.2,554.8,551.2,591.2,538.0,538.0,538.0,538.0
0.109,568.2,553.6,549.6,588.2,538.0,538.0,538.0,538.0
0.109,568.2,552.6,549.6,586.0,538.0,538.0,538.0,538.0
0.109,568.2,552.6,549.6,584.8,538.0,538.0,538.0,538.0
0.124,568.2,552.6,549.6,584.2,538.0,538.0,538.0,538.0
0.124,568.2,552.6,549.6,582.0,538.0,538.0,538.0,538.0
0.124,568.2,552.6,549.6,580.4,538.0,538.0,538.0,538.0
0.124,568.2,552.6,549.6,579.8,538.0,538.0,538.0,538.0
0.125,568.2,551.6,549.6,579.6,538.0,538.0,538.0,538.0
0.125,568.2,551.2,549.6,579.6,538.0,538.0,538.0,538.0
0.14,567.6,550.4,549.6,579.2,538.0,538.0,538.0,538.0
0.141,567.6,549.4,549.6,579.2,538.0,538.0,538.0,538.0
0.156,567.6,549.4,549.4,577.4,538.0,538.0,538.0,538.0
0.156,567.6,549.4,549.0,577.2,538.0,538.0,538.0,538.0
0.156,567.6,549.4,549.0,576.6,538.0,538.0,538.0,538.0
0.156,567.6,549.4,549.0,575.8,538.0,538.0,538.0,538.0
0.171,567.6,549.4,548.2,575.0,538.0,538.0,538.0,538.0
0.171,567.6,549.4,548.2,574.6,538.0,538.0,538.0,538.0
0.172,567.0,549.4,548.2,574.6,538.0,538.0,538.0,538.0
0.187,567.0,549.0,548.2,573.4,538.0,538.0,538.0,538.0
0.203,567.0,548.8,547.8,573.2,538.0,538.0,538.0,538.0
0.203,567.0,548.8,547.6,572.6,538.0,538.0,538.0,538.0
0.218,566.6,548.8,547.4,572.4,538.0,538.0,538.0,538.0
0.219,566.6,548.2,547.4,572.4,538.0,538.0,538.0,538.0
0.219,566.6,548.0,547.4,572.4,538.0,538.0,538.0,538.0
0.234,566.6,548.0,547.4,570.8,538.0,538.0,538.0,538.0
0.25,566.6,548.0,547.4,570.6,538.0,538.0,538.0,538.0
0.265,566.6,548.0,546.6,569.6,538.0,538.0,538.0,538.0
0.265,566.6,548.0,546.6,568.8,538.0,538.0,538.0,538.0
0.28,566.6,547.8,546.6,568.8,538.0,538.0,538.0,538.0
0.281,566.6,547.8,546.4,568.8,538.0,538.0,538.0,538.0
0.296,566.6,547.8,546.4,568.6,538.0,538.0,538.0,538.0
0.296,566.6,547.8,546.4,567.2,538.0,538.0,538.0,538.0
0.296,566.6,547.8,546.4,566.8,538.0,538.0,538.0,538.0
0.296,566.6,547.8,546.4,566.4,538.0,538.0,538.0,538.0
0.312,566.6,547.8,546.4,565.6,538.0,538.0,538.0,538.0
0.312,566.6,547.8,546.4,565.2,538.0,538.0,538.0,538.0
0.327,566.6,547.8,546.2,565.2,538.0,538.0,538.0,538.0
0.328,566.6,547.8,546.2,564.0,538.0,538.0,538.0,538.0
0.328,566.6,547.8,546.2,563.6,538.0,538.0,538.0,538.0
0.343,564.0,547.2,546.2,563.6,538.0,538.0,538.0,538.0
0.358,564.0,547.2,546.2,562.6,538.0,538.0,538.0,538.0
0.374,564.0,547.2,546.2,561.4,538.0,538.0,538.0,538.0
0.375,564.0,547.0,546.2,561.4,538.0,538.0,538.0,538.0
0.405,564.0,547.0,546.2,560.4,538.0,538.0,538.0,538.0
0.422,564.0,546.6,546.2,560.4,538.0,538.0,538.0,538.0
0.436,564.0,546.2,546.2,560.4,538.0,538.0,538.0,538.0
0.468,564.0,545.2,546.2,560.4,538.0,538.0,538.0,538.0
0.499,564.0,545.2,546.0,560.4,538.0,538.0,538.0,538.0
0.514,564.0,545.2,546.0,560.2,538.0,538.0,538.0,538.0
0.546,561.6,545.2,546.0,559.6,538.0,538.0,538.0,538.0
0.562,561.6,544.4,546.0,559.6,538.0,538.0,538.0,538.0
0.577,561.6,544.2,546.0,559.6,538.0,538.0,538.0,538.0
0.578,561.6,543.8,546.0,559.6,538.0,538.0,538.0,538.0
0.607,561.6,543.8,546.0,558.4,538.0,538.0,538.0,538.0
0.64,561.6,543.8,545.8,558.4,538.0,538.0,538.0,538.0
0.655,561.6,543.8,545.2,558.4,538.0,538.0,538.0,538.0
0.67,559.4,543.8,545.2,558.4,538.0,538.0,538.0,538.0
0.671,559.4,543.8,545.0,558.4,538.0,538.0,538.0,538.0
0.687,559.4,543.6,545.0,558.4,538.0,538.0,538.0,538.0
0.687,559.4,543.4,545.0,558.4,538.0,538.0,538.0,538.0
0.702,559.4,543.4,544.2,558.4,538.0,538.0,538.0,538.0
0.748,559.4,543.2,544.2,556.8,538.0,538.0,538.0,538.0
0.749,559.4,542.2,544.2,556.8,538.0,538.0,538.0,538.0
0.749,559.4,542.0,544.2,556.8,538.0,538.0,538.0,538.0
0.873,559.4,542.0,544.2,556.6,538.0,538.0,538.0,538.0
0.982,559.4,541.8,544.2,556.6,538.0,538.0,538.0,538.0
1.029,559.4,541.8,544.0,556.6,538.0,538.0,538.0,538.0
1.044,559.4,541.8,544.0,556.2,538.0,538.0,538.0,538.0
1.045,559.4,541.4,544.0,556.2,538.0,538.0,538.0,538.0
1.061,559.4,540.6,544.0,556.2,538.0,538.0,538.0,538.0
1.076,558.6,540.6,544.0,556.2,538.0,538.0,538.0,538.0
1.138,558.6,540.6,543.8,556.2,538.0,538.0,538.0,538.0
1.153,558.6,540.6,543.8,555.6,538.0,538.0,538.0,538.0
1.154,558.6,540.0,543.6,555.6,538.0,538.0,538.0,538.0
1.263,558.6,540.0,543.6,555.4,538.0,538.0,538.0,538.0
1.31,558.6,540.0,543.6,555.0,538.0,538.0,538.0,538.0
1.326,558.6,540.0,543.4,555.0,538.0,538.0,538.0,538.0
1.341,558.6,540.0,543.4,554.8,538.0,538.0,538.0,538.0
1.373,558.6,540.0,543.4,554.6,538.0,538.0,538.0,538.0
1.389,558.4,540.0,543.4,554.6,538.0,538.0,538.0,538.0
1.404,556.8,540.0,543.4,554.6,538.0,538.0,538.0,538.0
1.45,555.6,540.0,543.4,554.6,538.0,538.0,538.0,538.0
1.512,555.6,540.0,543.4,554.4,538.0,538.0,538.0,538.0
1.512,555.6,540.0,543.4,553.6,538.0,538.0,538.0,538.0
1.529,555.6,540.0,543.2,553.6,538.0,538.0,538.0,538.0
1.544,555.6,540.0,543.0,553.6,538.0,538.0,538.0,538.0
1.56,555.6,540.0,542.8,553.6,538.0,538.0,538.0,538.0
1.576,555.6,540.0,542.6,553.6,538.0,538.0,538.0,538.0
1.592,555.6,540.0,542.4,553.6,538.0,538.0,538.0,538.0
1.668,555.6,540.0,542.4,553.4,538.0,538.0,538.0,538.0
2.058,555.6,540.0,542.4,553.2,538.0,538.0,538.0,538.0
2.184,555.6,540.0,542.4,552.8,538.0,538.0,538.0,538.0
2.325,555.6,539.6,542.4,552.8,538.0,538.0,538.0,538.0
2.418,555.6,539.6,542.4,552.6,538.0,538.0,538.0,538.0
2.761,555.6,539.6,542.2,552.6,538.0,538.0,538.0,538.0
2.776,555.6,539.6,541.4,552.6,538.0,538.0,538.0,538.0
2.792,555.6,539.6,541.4,552.2,538.0,538.0,538.0,538.0
2.902,555.6,539.4,541.4,552.2,538.0,538.0,538.0,538.0
3.135,555.6,539.2,541.4,552.2,538.0,538.0,538.0,538.0
3.135,555.6,538.8,541.4,552.2,538.0,538.0,538.0,538.0
3.697,555.6,538.8,541.2,552.2,538.0,538.0,538.0,538.0
3.697,555.6,538.8,540.6,552.2,538.0,538.0,538.0,538.0
3.806,555.6,538.8,540.6,551.6,538.0,538.0,538.0,538.0
4.211,555.6,538.8,540.6,551.0,538.0,538.0,538.0,538.0
4.914,555.6,538.8,540.6,550.4,538.0,538.0,538.0,538.0
5.617,555.4,538.8,540.6,550.4,538.0,538.0,538.0,538.0
6.941,555.4,538.8,540.6,550.0,538.0,538.0,538.0,538.0
7.472,555.2,538.8,540.6,550.0,538.0,538.0,538.0,538.0
7.535,555.2,538.8,540.6,549.8,538.0,538.0,538.0,538.0
7.784,555.2,538.8,540.2,549.8,538.0,538.0,538.0,538.0
7.815,555.2,538.8,540.0,549.8,538.0,538.0,538.0,538.0
7.988,555.2,538.8,539.8,549.8,538.0,538.0,538.0,538.0
8.205,555.2,538.6,539.8,549.8,538.0,538.0,538.0,538.0
8.876,554.6,538.6,539.8,549.8,538.0,538.0,538.0,538.0
8.938,554.6,538.6,539.8,549.6,538.0,538.0,538.0,538.0
9.734,554.4,538.6,539.8,549.6,538.0,538.0,538.0,538.0
9.952,554.4,538.6,539.6,549.6,538.0,538.0,538.0,538.0
10.732,554.4,538.6,539.6,549.4,538.0,538.0,538.0,538.0
12.011,554.4,538.6,539.4,549.4,538.0,538.0,538.0,538.0
13.292,554.4,538.6,539.2,549.4,538.0,538.0,538.0,538.0
13.634,553.8,538.6,539.2,549.4,538.0,538.0,538.0,538.0
14.118,553.8,538.6,539.0,549.4,538.0,538.0,538.0,538.0
14.336,553.8,538.6,538.8,549.4,538.0,538.0,538.0,538.0
14.523,553.8,538.6,538.8,549.2,538.0,538.0,538.0,538.0
15.865,552.8,538.6,538.8,549.2,538.0,538.0,538.0,538.0
16.77,552.8,538.6,538.6,549.2,538.0,538.0,538.0,538.0
17.893,552.8,538.6,538.6,548.6,538.0,538.0,538.0,538.0
20.14,551.2,538.6,538.6,548.6,538.0,538.0,538.0,538.0
24.508,551.0,538.6,538.6,548.6,538.0,538.0,538.0,538.0
27.815,550.2,538.6,538.6,548.6,538.0,538.0,538.0,538.0
28.422,550.2,538.6,538.6,548.4,538.0,538.0,538.0,538.0
28.531,550.2,538.6,538.6,548.2,538.0,538.0,538.0,538.0
28.609,550.2,538.6,538.6,547.4,538.0,538.0,538.0,538.0
29.312,550.2,538.6,538.4,547.4,538.0,538.0,538.0,538.0
36.3,550.2,538.6,538.4,546.4,538.0,538.0,538.0,538.0
39.374,550.2,538.6,538.2,546.4,538.0,538.0,538.0,538.0
45.942,550.2,538.6,538.2,546.2,538.0,538.0,538.0,538.0
53.992,549.6,538.6,538.2,546.2,538.0,538.0,538.0,538.0
56.223,549.0,538.6,538.2,546.2,538.0,538.0,538.0,538.0
62.51,549.0,538.6,538.0,546.2,538.0,538.0,538.0,538.0
75.473,548.8,538.6,538.0,546.2,538.0,538.0,538.0,538.0
87.751,548.4,538.6,538.0,546.2,538.0,538.0,538.0,538.0
88.046,548.4,538.6,538.0,545.8,538.0,538.0,538.0,538.0
89.949,548.4,538.6,538.0,545.6,538.0,538.0,538.0,538.0
89.949,548.4,538.6,538.0,545.0,538.0,538.0,538.0,538.0
136.282,548.4,538.6,538.0,544.8,538.0,538.0,538.0,538.0
147.514,548.4,538.2,538.0,544.8,538.0,538.0,538.0,538.0
148.107,548.4,538.0,538.0,544.8,538.0,538.0,538.0,538.0
149.698,547.8,538.0,538.0,544.8,538.0,538.0,538.0,538.0
164.706,547.6,538.0,538.0,544.8,538.0,538.0,538.0,538.0
212.989,547.4,538.0,538.0,544.8,538.0,538.0,538.0,538.0
220.164,546.8,538.0,538.0,544.8,538.0,538.0,538.0,538.0
236.466,546.8,538.0,538.0,543.8,538.0,538.0,538.0,538.0
256.247,546.8,538.0,538.0,543.6,538.0,538.0,538.0,538.0
256.699,546.8,538.0,538.0,543.4,538.0,538.0,538.0,538.0
257.323,546.8,538.0,538.0,543.0,538.0,538.0,538.0,538.0
259.055,546.8,538.0,538.0,542.2,538.0,538.0,538.0,538.0
279.117,546.2,538.0,538.0,542.2,538.0,538.0,538.0,538.0
