tiempo,SH,SCH,SHMM,SHMP,SH-BL,SCH-BL,SHMM-BL,SHMP-BL
0.0,35339.8,26599.2,35302.6,36281.2,21334.0,21286.6,21331.4,21307.8
0.0,33379.4,26250.4,34142.2,34420.0,21315.0,21286.6,21306.0,21293.2
0.0,32060.0,25613.2,33842.0,32963.2,21315.0,21286.6,21306.0,21291.2
0.0,29938.6,25180.4,33090.8,32668.4,21315.0,21286.6,21306.0,21286.6
0.0,28914.2,24842.2,32695.8,31968.0,21315.0,21286.6,21306.0,21286.6
0.0,28215.8,24668.6,32353.2,31224.4,21315.0,21286.6,21306.0,21286.6
0.0,27894.8,24457.8,32139.2,30868.6,21315.0,21286.6,21306.0,21286.6
0.0,27321.4,24257.8,32139.2,30584.6,21315.0,21286.6,21306.0,21286.6
0.0,27112.4,23987.0,32139.2,30491.8,21315.0,21286.6,21306.0,21286.6
0.0,27100.6,23646.8,32139.2,30337.2,21315.0,21286.6,21306.0,21286.6
0.0,26943.6,23548.4,32139.2,30278.6,21315.0,21286.6,21306.0,21286.6
0.0,26583.6,23494.6,32139.2,30101.8,21315.0,21286.6,21306.0,21286.6
0.0,26583.6,23494.6,32139.2,30077.8,21315.0,21286.6,21306.0,21286.6
0.015,26427.4,23268.8,31761.4,29693.2,21310.4,21282.0,21301.4,21286.6
0.015,25863.0,23187.8,31347.8,29289.4,21310.4,21282.0,21301.4,21286.6
0.015,25512.6,23121.8,30683.8,28907.2,21310.4,21282.0,21301.4,21286.6
0.015,25174.2,23061.8,30205.8,28514.4,21310.4,21282.0,21301.4,21286.6
0.015,25174.2,22966.8,29621.6,28393.0,21310.4,21282.0,21301.4,21286.6
0.015,25174.2,22877.2,28932.8,28224.6,21310.4,21282.0,21301.4,21286.6
0.015,25174.2,22861.4,28733.2,28066.8,21310.4,21282.0,21301.4,21286.6
0.015,25174.2,22859.0,28107.0,27882.6,21310.4,21282.0,21301.4,21286.6
0.015,25174.2,22855.2,27867.4,27728.4,21310.4,21282.0,21301.4,21286.6
0.015,25174.2,22855.2,27655.0,27655.4,21310.4,21282.0,21301.4,21286.6
0.015,25174.2,22855.2,27615.0,27616.2,21310.4,21282.0,21301.4,21286.6
0.015,25174.2,22855.2,27615.0,27513.6,21310.4,21282.0,21301.4,21286.6
0.015,25174.2,22855.2,27615.0,27483.6,21310.4,21282.0,21301.4,21286.6
0.016,25021.8,22787.2,27313.0,27480.8,21282.0,21282.0,21284.0,21286.6
0.016,24917.4,22746.8,26918.4,27478.2,21282.0,21282.0,21284.0,21286.6
0.016,24872.6,22723.6,26726.4,27434.8,21282.0,21282.0,21284.0,21286.6
0.016,24717.0,22674.8,26288.0,27337.4,21282.0,21282.0,21284.0,21286.6
0.016,24717.0,22670.4,26177.4,27173.4,21282.0,21282.0,21284.0,21286.6
0.016,24717.0,22653.2,25950.8,27173.4,21282.0,21282.0,21284.0,21286.6
0.016,24717.0,22653.2,25730.6,27173.4,21282.0,21282.0,21284.0,21286.6
0.016,24717.0,22653.2,25388.2,27173.4,21282.0,21282.0,21284.0,21286.6
0.016,24717.0,22653.2,25365.8,27173.4,21282.0,21282.0,21284.0,21286.6
0.016,24717.0,22653.2,25279.8,27173.4,21282.0,21282.0,21284.0,21286.6
0.016,24717.0,22653.2,25177.8,27173.4,21282.0,21282.0,21284.0,21286.6
0.031,24467.4,22552.2,24444.2,26904.8,21282.0,21282.0,21282.0,21286.6
0.031,24438.4,22480.4,24069.2,26738.2,21282.0,21282.0,21282.0,21286.6
0.031,24429.2,22453.6,23939.2,26680.6,21282.0,21282.0,21282.0,21286.6
0.031,24429.2,22450.6,23756.6,26504.4,21282.0,21282.0,21282.0,21286.6
0.031,24429.2,22389.0,23487.8,26425.8,21282.0,21282.0,21282.0,21286.6
0.031,24429.2,22335.2,23268.0,26350.6,21282.0,21282.0,21282.0,21286.6
0.031,24429.2,22324.0,23248.6,26315.8,21282.0,21282.0,21282.0,21286.6
0.031,24429.2,22275.0,23248.6,26313.6,21282.0,21282.0,21282.0,21286.6
0.031,24429.2,22275.0,23248.6,26296.0,21282.0,21282.0,21282.0,21286.6
0.031,24429.2,22275.0,23248.6,26273.8,21282.0,21282.0,21282.0,21286.6
0.031,24429.2,22275.0,23248.6,26266.8,21282.0,21282.0,21282.0,21286.6
0.032,24335.8,22275.0,23248.6,26266.8,21282.0,21282.0,21282.0,21286.6
0.032,24285.8,22275.0,23248.6,26266.8,21282.0,21282.0,21282.0,21286.6
0.032,24189.4,22275.0,23248.6,26266.8,21282.0,21282.0,21282.0,21286.6
0.046,24043.2,22269.6,23219.4,25995.6,21282.0,21282.0,21282.0,21286.6
0.046,24043.2,22269.6,23179.8,25949.8,21282.0,21282.0,21282.0,21286.6
0.046,24043.2,22269.6,23179.8,25921.2,21282.0,21282.0,21282.0,21286.6
0.046,24043.2,22269.6,23179.8,25772.0,21282.0,21282.0,21282.0,21286.6
0.046,24043.2,22269.6,23179.8,25682.0,21282.0,21282.0,21282.0,21286.6
0.047,24043.2,22205.4,23016.4,25611.4,21282.0,21282.0,21282.0,21286.6
0.047,24043.2,22193.0,22912.2,25605.8,21282.0,21282.0,21282.0,21286.6
0.047,24043.2,22189.4,22897.0,25605.8,21282.0,21282.0,21282.0,21286.6
0.047,24043.2,22189.4,22874.2,25605.8,21282.0,21282.0,21282.0,21286.6
0.062,24039.0,22174.0,22829.6,25385.2,21282.0,21282.0,21282.0,21286.6
0.062,24028.2,22099.2,22791.2,25188.8,21282.0,21282.0,21282.0,21286.6
0.062,24028.2,22074.8,22767.0,25179.2,21282.0,21282.0,21282.0,21286.6
0.062,24028.2,22057.2,22731.0,25083.6,21282.0,21282.0,21282.0,21286.6
0.062,24028.2,22057.2,22711.0,25079.6,21282.0,21282.0,21282.0,21286.6
0.062,24028.2,22057.2,22670.2,25079.6,21282.0,21282.0,21282.0,21286.6
0.063,23998.6,22038.8,22660.8,25079.6,21282.0,21282.0,21282.0,21286.6
0.063,23918.6,22038.8,22632.4,25079.6,21282.0,21282.0,21282.0,21286.6
0.063,23918.6,22038.8,22585.8,25079.6,21282.0,21282.0,21282.0,21286.6
0.063,23918.6,22038.8,22555.6,25079.6,21282.0,21282.0,21282.0,21286.6
0.063,23918.6,22038.8,22553.8,25079.6,21282.0,21282.0,21282.0,21286.6
0.063,23918.6,22038.8,22552.8,25079.6,21282.0,21282.0,21282.0,21286.6
0.078,23785.0,22011.0,22526.2,24973.4,21282.0,21282.0,21282.0,21282.0
0.078,23750.2,21970.4,22488.8,24892.0,21282.0,21282.0,21282.0,21282.0
0.078,23750.2,21960.2,22449.4,24804.0,21282.0,21282.0,21282.0,21282.0
0.078,23750.2,21960.2,22449.4,24710.2,21282.0,21282.0,21282.0,21282.0
0.078,23750.2,21960.2,22449.4,24702.6,21282.0,21282.0,21282.0,21282.0
0.078,23750.2,21960.2,22449.4,24692.0,21282.0,21282.0,21282.0,21282.0
0.078,23750.2,21960.2,22449.4,24665.0,21282.0,21282.0,21282.0,21282.0
0.093,23750.2,21925.6,22443.4,24569.0,21282.0,21282.0,21282.0,21282.0
0.093,23750.2,21917.4,22438.0,24387.6,21282.0,21282.0,21282.0,21282.0
0.093,23750.2,21915.0,22425.4,24352.0,21282.0,21282.0,21282.0,21282.0
0.093,23750.2,21915.0,22425.4,24350.0,21282.0,21282.0,21282.0,21282.0
0.094,23742.8,21885.8,22408.0,24337.0,21282.0,21282.0,21282.0,21282.0
0.094,23444.8,21885.8,22392.8,24325.6,21282.0,21282.0,21282.0,21282.0
0.094,23444.8,21885.8,22371.2,24325.6,21282.0,21282.0,21282.0,21282.0
0.109,23444.8,21878.8,22337.8,24129.8,21282.0,21282.0,21282.0,21282.0
0.109,23444.8,21878.8,22337.8,24065.6,21282.0,21282.0,21282.0,21282.0
0.109,23444.8,21878.8,22337.8,23983.6,21282.0,21282.0,21282.0,21282.0
0.109,23444.8,21878.8,22337.8,23978.6,21282.0,21282.0,21282.0,21282.0
0.11,23443.8,21878.8,22337.8,23978.6,21282.0,21282.0,21282.0,21282.0
0.124,23443.8,21878.8,22320.8,23939.0,21282.0,21282.0,21282.0,21282.0
0.124,23443.8,21878.8,22320.8,23907.2,21282.0,21282.0,21282.0,21282.0
0.124,23443.8,21878.8,22320.8,23896.2,21282.0,21282.0,21282.0,21282.0
0.124,23443.8,21878.8,22320.8,23824.8,21282.0,21282.0,21282.0,21282.0
0.124,23443.8,21878.8,22320.8,23732.6,21282.0,21282.0,21282.0,21282.0
0.125,23443.8,21878.8,22307.0,23713.6,21282.0,21282.0,21282.0,21282.0
0.125,23443.8,21878.8,22282.6,23709.4,21282.0,21282.0,21282.0,21282.0
0.125,23443.8,21878.8,22268.6,23681.8,21282.0,21282.0,21282.0,21282.0
0.125,23443.8,21878.8,22236.8,23674.0,21282.0,21282.0,21282.0,21282.0
0.125,23443.8,21878.8,22236.8,23648.6,21282.0,21282.0,21282.0,21282.0
0.125,23443.8,21878.8,22236.8,23611.0,21282.0,21282.0,21282.0,21282.0
0.14,23443.8,21866.0,22207.4,23514.4,21282.0,21282.0,21282.0,21282.0
0.14,23443.8,21824.6,22168.6,23411.4,21282.0,21282.0,21282.0,21282.0
0.14,23443.8,21819.2,22166.2,23379.8,21282.0,21282.0,21282.0,21282.0
0.14,23443.8,21817.0,22166.2,23330.0,21282.0,21282.0,21282.0,21282.0
0.14,23443.8,21803.2,22166.2,23330.0,21282.0,21282.0,21282.0,21282.0
0.141,23413.4,21783.4,22161.8,23330.0,21282.0,21282.0,21282.0,21282.0
0.141,23413.4,21783.4,22144.6,23330.0,21282.0,21282.0,21282.0,21282.0
0.156,23375.0,21765.2,22144.6,23319.0,21282.0,21282.0,21282.0,21282.0
0.156,23375.0,21758.6,22144.6,23300.0,21282.0,21282.0,21282.0,21282.0
0.156,23375.0,21758.6,22144.6,23280.0,21282.0,21282.0,21282.0,21282.0
0.156,23375.0,21758.6,22144.6,23270.8,21282.0,21282.0,21282.0,21282.0
0.156,23375.0,21758.6,22144.6,23268.0,21282.0,21282.0,21282.0,21282.0
0.156,23375.0,21758.6,22144.6,23265.2,21282.0,21282.0,21282.0,21282.0
0.171,23365.8,21753.4,22132.2,23229.4,21282.0,21282.0,21282.0,21282.0
0.171,23365.8,21753.4,22132.2,23202.2,21282.0,21282.0,21282.0,21282.0
0.171,23365.8,21753.4,22132.2,23175.8,21282.0,21282.0,21282.0,21282.0
0.172,23365.8,21745.2,22129.8,23167.6,21282.0,21282.0,21282.0,21282.0
0.172,23365.8,21745.2,22129.8,23160.8,21282.0,21282.0,21282.0,21282.0
0.172,23365.8,21745.2,22129.8,23114.6,21282.0,21282.0,21282.0,21282.0
0.187,23365.8,21737.6,22104.8,23090.8,21282.0,21282.0,21282.0,21282.0
0.187,23365.8,21737.6,22082.4,23086.6,21282.0,21282.0,21282.0,21282.0
0.187,23365.8,21737.6,22080.4,23085.6,21282.0,21282.0,21282.0,21282.0
0.187,23365.8,21737.6,22075.2,23085.6,21282.0,21282.0,21282.0,21282.0
0.188,23348.6,21737.6,22075.2,23085.6,21282.0,21282.0,21282.0,21282.0
0.202,23292.4,21737.0,22075.2,23039.8,21282.0,21282.0,21282.0,21282.0
0.203,23292.4,21737.0,22031.6,23035.0,21282.0,21282.0,21282.0,21282.0
0.203,23292.4,21737.0,22031.6,23026.6,21282.0,21282.0,21282.0,21282.0
0.218,23241.2,21734.4,22003.6,22923.8,21282.0,21282.0,21282.0,21282.0
0.218,23241.2,21734.4,21991.2,22888.6,21282.0,21282.0,21282.0,21282.0
0.218,23241.2,21734.4,21991.2,22878.8,21282.0,21282.0,21282.0,21282.0
0.234,23241.2,21734.4,21969.0,22783.6,21282.0,21282.0,21282.0,21282.0
0.234,23241.2,21734.4,21969.0,22769.8,21282.0,21282.0,21282.0,21282.0
0.234,23241.2,21734.4,21969.0,22766.6,21282.0,21282.0,21282.0,21282.0
0.249,23241.2,21719.2,21955.2,22715.6,21282.0,21282.0,21282.0,21282.0
0.249,23241.2,21719.2,21955.2,22698.0,21282.0,21282.0,21282.0,21282.0
0.25,23241.2,21719.2,21940.0,22698.0,21282.0,21282.0,21282.0,21282.0
0.265,23241.2,21686.2,21937.2,22647.2,21282.0,21282.0,21282.0,21282.0
0.265,23241.2,21686.2,21937.2,22632.8,21282.0,21282.0,21282.0,21282.0
0.265,23241.2,21686.2,21937.2,22613.0,21282.0,21282.0,21282.0,21282.0
0.28,23241.2,21686.2,21926.6,22613.0,21282.0,21282.0,21282.0,21282.0
0.28,23241.2,21686.2,21918.8,22613.0,21282.0,21282.0,21282.0,21282.0
0.28,23241.2,21686.2,21918.4,22613.0,21282.0,21282.0,21282.0,21282.0
0.281,23241.2,21650.4,21888.6,22595.8,21282.0,21282.0,21282.0,21282.0
0.281,23241.2,21643.2,21888.6,22595.8,21282.0,21282.0,21282.0,21282.0
0.296,23236.6,21643.2,21855.2,22574.2,21282.0,21282.0,21282.0,21282.0
0.296,23236.6,21643.2,21844.6,22574.2,21282.0,21282.0,21282.0,21282.0
0.312,23236.6,21591.2,21828.4,22558.2,21282.0,21282.0,21282.0,21282.0
0.312,23236.6,21591.2,21828.4,22541.0,21282.0,21282.0,21282.0,21282.0
0.328,23236.6,21591.2,21825.8,22541.0,21282.0,21282.0,21282.0,21282.0
0.343,23236.6,21591.2,21812.0,22538.2,21282.0,21282.0,21282.0,21282.0
0.358,23201.0,21591.2,21812.0,22523.2,21282.0,21282.0,21282.0,21282.0
0.358,23201.0,21591.2,21812.0,22507.2,21282.0,21282.0,21282.0,21282.0
0.359,23201.0,21591.2,21812.0,22505.8,21282.0,21282.0,21282.0,21282.0
0.374,23112.8,21591.2,21812.0,22482.0,21282.0,21282.0,21282.0,21282.0
0.374,23112.8,21591.2,21812.0,22461.8,21282.0,21282.0,21282.0,21282.0
0.375,23062.8,21591.2,21812.0,22461.8,21282.0,21282.0,21282.0,21282.0
0.39,23062.8,21591.2,21799.0,22440.8,21282.0,21282.0,21282.0,21282.0
0.39,23062.8,21591.2,21761.8,22440.8,21282.0,21282.0,21282.0,21282.0
0.406,23062.8,21591.2,21741.6,22440.8,21282.0,21282.0,21282.0,21282.0
0.421,23062.8,21591.2,21717.6,22412.6,21282.0,21282.0,21282.0,21282.0
0.436,23062.8,21591.2,21717.6,22392.8,21282.0,21282.0,21282.0,21282.0
0.437,23062.8,21588.6,21675.2,22392.8,21282.0,21282.0,21282.0,21282.0
0.452,23062.8,21564.0,21659.0,22376.0,21282.0,21282.0,21282.0,21282.0
0.468,23062.8,21564.0,21638.8,22359.6,21282.0,21282.0,21282.0,21282.0
0.483,23062.8,21562.4,21638.8,22357.2,21282.0,21282.0,21282.0,21282.0
0.483,23062.8,21562.4,21638.8,22330.2,21282.0,21282.0,21282.0,21282.0
0.484,23062.8,21562.4,21603.6,22330.2,21282.0,21282.0,21282.0,21282.0
0.499,23062.8,21562.4,21585.6,22296.8,21282.0,21282.0,21282.0,21282.0
0.499,23062.8,21562.4,21585.6,22292.6,21282.0,21282.0,21282.0,21282.0
0.53,23062.8,21562.4,21564.2,22292.6,21282.0,21282.0,21282.0,21282.0
0.546,23062.8,21562.4,21564.2,22290.2,21282.0,21282.0,21282.0,21282.0
0.561,22950.6,21562.4,21564.2,22286.0,21282.0,21282.0,21282.0,21282.0
0.577,22895.2,21562.4,21527.0,22275.6,21282.0,21282.0,21282.0,21282.0
0.593,22895.2,21562.4,21506.8,22275.6,21282.0,21282.0,21282.0,21282.0
0.608,22895.2,21562.4,21504.4,22269.2,21282.0,21282.0,21282.0,21282.0
0.624,22895.2,21550.2,21500.2,22262.8,21282.0,21282.0,21282.0,21282.0
0.655,22895.2,21545.0,21489.8,22256.0,21282.0,21282.0,21282.0,21282.0
0.671,22895.2,21545.0,21485.2,22256.0,21282.0,21282.0,21282.0,21282.0
0.686,22895.2,21545.0,21471.6,22256.0,21282.0,21282.0,21282.0,21282.0
0.702,22895.2,21545.0,21471.6,22244.4,21282.0,21282.0,21282.0,21282.0
0.717,22893.6,21545.0,21471.6,22244.4,21282.0,21282.0,21282.0,21282.0
0.733,22893.6,21545.0,21429.2,22244.4,21282.0,21282.0,21282.0,21282.0
0.764,22893.6,21545.0,21429.2,22237.8,21282.0,21282.0,21282.0,21282.0
0.764,22893.6,21545.0,21429.2,22211.2,21282.0,21282.0,21282.0,21282.0
0.78,22893.6,21545.0,21429.2,22202.2,21282.0,21282.0,21282.0,21282.0
0.811,22893.6,21545.0,21429.2,22200.4,21282.0,21282.0,21282.0,21282.0
0.842,22893.6,21545.0,21429.2,22180.6,21282.0,21282.0,21282.0,21282.0
0.873,22893.6,21545.0,21429.2,22134.4,21282.0,21282.0,21282.0,21282.0
0.889,22893.6,21545.0,21429.2,22091.8,21282.0,21282.0,21282.0,21282.0
0.889,22893.6,21545.0,21429.2,22033.4,21282.0,21282.0,21282.0,21282.0
0.921,22893.4,21545.0,21429.2,22033.4,21282.0,21282.0,21282.0,21282.0
1.03,22893.4,21545.0,21429.2,22030.2,21282.0,21282.0,21282.0,21282.0
1.03,22893.4,21545.0,21429.2,22025.8,21282.0,21282.0,21282.0,21282.0
1.046,22814.0,21545.0,21429.2,22025.8,21282.0,21282.0,21282.0,21282.0
1.092,22814.0,21545.0,21426.6,22025.8,21282.0,21282.0,21282.0,21282.0
1.108,22814.0,21545.0,21425.4,22025.8,21282.0,21282.0,21282.0,21282.0
1.108,22814.0,21545.0,21423.0,22025.8,21282.0,21282.0,21282.0,21282.0
1.139,22814.0,21544.2,21423.0,22023.6,21282.0,21282.0,21282.0,21282.0
1.154,22814.0,21544.2,21423.0,22017.2,21282.0,21282.0,21282.0,21282.0
1.186,22814.0,21544.2,21423.0,22014.6,21282.0,21282.0,21282.0,21282.0
1.216,22814.0,21536.6,21423.0,22014.6,21282.0,21282.0,21282.0,21282.0
1.248,22814.0,21536.6,21403.2,22014.6,21282.0,21282.0,21282.0,21282.0
1.326,22814.0,21536.6,21403.2,21998.8,21282.0,21282.0,21282.0,21282.0
1.341,22814.0,21536.6,21403.2,21936.8,21282.0,21282.0,21282.0,21282.0
1.342,22811.6,21536.6,21403.2,21936.8,21282.0,21282.0,21282.0,21282.0
1.357,22811.6,21536.6,21403.2,21926.8,21282.0,21282.0,21282.0,21282.0
1.373,22809.2,21536.6,21403.2,21926.8,21282.0,21282.0,21282.0,21282.0
1.404,22809.2,21536.6,21403.2,21921.6,21282.0,21282.0,21282.0,21282.0
1.42,22794.0,21536.6,21403.2,21921.6,21282.0,21282.0,21282.0,21282.0
1.482,22794.0,21536.6,21403.2,21915.0,21282.0,21282.0,21282.0,21282.0
1.638,22794.0,21536.6,21403.2,21912.8,21282.0,21282.0,21282.0,21282.0
1.747,22785.8,21536.6,21403.2,21912.8,21282.0,21282.0,21282.0,21282.0
1.809,22785.8,21536.6,21403.2,21904.0,21282.0,21282.0,21282.0,21282.0
1.825,22782.2,21536.6,21403.2,21904.0,21282.0,21282.0,21282.0,21282.0
1.856,22782.2,21536.6,21403.2,21877.2,21282.0,21282.0,21282.0,21282.0
1.856,22782.2,21536.6,21403.2,21864.8,21282.0,21282.0,21282.0,21282.0
1.872,22782.2,21536.6,21403.2,21864.4,21282.0,21282.0,21282.0,21282.0
2.012,22782.2,21536.6,21403.2,21843.4,21282.0,21282.0,21282.0,21282.0
2.278,22782.2,21536.6,21403.2,21790.0,21282.0,21282.0,21282.0,21282.0
2.418,22728.2,21536.6,21403.2,21790.0,21282.0,21282.0,21282.0,21282.0
2.792,22728.2,21536.6,21401.2,21790.0,21282.0,21282.0,21282.0,21282.0
2.823,22728.2,21536.6,21380.2,21790.0,21282.0,21282.0,21282.0,21282.0
2.854,22728.2,21536.6,21376.0,21790.0,21282.0,21282.0,21282.0,21282.0
2.886,22728.2,21536.6,21373.6,21790.0,21282.0,21282.0,21282.0,21282.0
3.01,22728.2,21536.6,21363.2,21790.0,21282.0,21282.0,21282.0,21282.0
3.166,22728.2,21536.6,21363.2,21784.8,21282.0,21282.0,21282.0,21282.0
3.292,22728.2,21536.6,21351.0,21784.8,21282.0,21282.0,21282.0,21282.0
3.338,22630.6,21536.6,21338.6,21784.8,21282.0,21282.0,21282.0,21282.0
3.416,22630.6,21536.6,21338.6,21782.2,21282.0,21282.0,21282.0,21282.0
3.447,22630.6,21536.6,21338.6,21749.6,21282.0,21282.0,21282.0,21282.0
3.916,22630.6,21530.2,21338.6,21749.6,21282.0,21282.0,21282.0,21282.0
4.165,22630.6,21530.2,21338.6,21728.8,21282.0,21282.0,21282.0,21282.0
4.181,22630.6,21530.2,21338.6,21711.8,21282.0,21282.0,21282.0,21282.0
4.181,22630.6,21530.2,21338.6,21703.0,21282.0,21282.0,21282.0,21282.0
4.305,22630.6,21530.2,21337.2,21703.0,21282.0,21282.0,21282.0,21282.0
4.477,22630.6,21520.6,21337.2,21703.0,21282.0,21282.0,21282.0,21282.0
4.508,22630.6,21518.0,21337.2,21703.0,21282.0,21282.0,21282.0,21282.0
4.508,22630.6,21512.8,21337.2,21703.0,21282.0,21282.0,21282.0,21282.0
4.742,22630.6,21512.8,21331.6,21703.0,21282.0,21282.0,21282.0,21282.0
4.82,22630.6,21510.8,21331.6,21703.0,21282.0,21282.0,21282.0,21282.0
5.117,22537.8,21509.0,21330.6,21703.0,21282.0,21282.0,21282.0,21282.0
5.117,22537.8,21496.4,21330.6,21703.0,21282.0,21282.0,21282.0,21282.0
5.132,22537.8,21487.6,21330.6,21703.0,21282.0,21282.0,21282.0,21282.0
5.148,22537.8,21487.6,21328.0,21703.0,21282.0,21282.0,21282.0,21282.0
5.164,22537.8,21486.2,21328.0,21703.0,21282.0,21282.0,21282.0,21282.0
5.195,22537.8,21486.2,21328.0,21664.0,21282.0,21282.0,21282.0,21282.0
5.226,22537.8,21484.0,21328.0,21664.0,21282.0,21282.0,21282.0,21282.0
5.288,22537.8,21484.0,21323.8,21664.0,21282.0,21282.0,21282.0,21282.0
5.289,22537.8,21484.0,21323.8,21662.8,21282.0,21282.0,21282.0,21282.0
5.289,22537.8,21484.0,21323.8,21632.8,21282.0,21282.0,21282.0,21282.0
5.335,22537.8,21484.0,21313.4,21632.8,21282.0,21282.0,21282.0,21282.0
5.382,22537.8,21484.0,21313.4,21630.4,21282.0,21282.0,21282.0,21282.0
5.569,22537.8,21484.0,21305.8,21630.4,21282.0,21282.0,21282.0,21282.0
5.6,22537.8,21484.0,21300.6,21630.4,21282.0,21282.0,21282.0,21282.0
7.566,22522.4,21484.0,21300.6,21630.4,21282.0,21282.0,21282.0,21282.0
8.455,22510.8,21484.0,21300.6,21630.4,21282.0,21282.0,21282.0,21282.0
8.876,22510.8,21475.6,21300.6,21630.4,21282.0,21282.0,21282.0,21282.0
9.64,22510.8,21475.6,21296.0,21630.4,21282.0,21282.0,21282.0,21282.0
10.124,22510.8,21475.6,21296.0,21627.2,21282.0,21282.0,21282.0,21282.0
12.293,22466.6,21475.6,21296.0,21627.2,21282.0,21282.0,21282.0,21282.0
12.745,22466.6,21443.4,21296.0,21627.2,21282.0,21282.0,21282.0,21282.0
12.761,22466.6,21429.6,21296.0,21627.2,21282.0,21282.0,21282.0,21282.0
12.792,22466.6,21422.0,21296.0,21627.2,21282.0,21282.0,21282.0,21282.0
12.823,22466.6,21416.8,21296.0,21627.2,21282.0,21282.0,21282.0,21282.0
14.477,22466.6,21405.0,21296.0,21627.2,21282.0,21282.0,21282.0,21282.0
14.508,22466.6,21402.2,21296.0,21627.2,21282.0,21282.0,21282.0,21282.0
16.177,22466.6,21402.2,21296.0,21610.2,21282.0,21282.0,21282.0,21282.0
16.427,22436.6,21402.2,21296.0,21610.2,21282.0,21282.0,21282.0,21282.0
17.815,22432.6,21402.2,21296.0,21610.2,21282.0,21282.0,21282.0,21282.0
18.97,22432.6,21402.2,21294.0,21610.2,21282.0,21282.0,21282.0,21282.0
20.763,22432.6,21402.2,21294.0,21607.4,21282.0,21282.0,21282.0,21282.0
21.324,22432.6,21402.2,21294.0,21604.2,21282.0,21282.0,21282.0,21282.0
22.401,22352.4,21402.2,21294.0,21604.2,21282.0,21282.0,21282.0,21282.0
25.288,22352.4,21402.2,21294.0,21599.0,21282.0,21282.0,21282.0,21282.0
27.207,22352.4,21402.2,21293.4,21599.0,21282.0,21282.0,21282.0,21282.0
28.813,22352.4,21402.2,21291.4,21599.0,21282.0,21282.0,21282.0,21282.0
29.563,22347.8,21402.2,21291.4,21599.0,21282.0,21282.0,21282.0,21282.0
30.046,22347.8,21402.2,21288.8,21599.0,21282.0,21282.0,21282.0,21282.0
30.701,22347.8,21402.2,21286.0,21599.0,21282.0,21282.0,21282.0,21282.0
42.245,22325.2,21402.2,21286.0,21599.0,21282.0,21282.0,21282.0,21282.0
44.694,22317.8,21402.2,21286.0,21599.0,21282.0,21282.0,21282.0,21282.0
53.055,22317.8,21402.2,21284.0,21599.0,21282.0,21282.0,21282.0,21282.0
53.508,22317.8,21402.2,21284.0,21592.6,21282.0,21282.0,21282.0,21282.0
56.02,22317.8,21402.2,21284.0,21584.2,21282.0,21282.0,21282.0,21282.0
57.315,22317.8,21400.2,21284.0,21584.2,21282.0,21282.0,21282.0,21282.0
58.345,22305.0,21400.2,21284.0,21584.2,21282.0,21282.0,21282.0,21282.0
62.745,22265.6,21400.2,21284.0,21584.2,21282.0,21282.0,21282.0,21282.0
63.773,22265.6,21400.2,21284.0,21572.0,21282.0,21282.0,21282.0,21282.0
63.804,22265.6,21400.2,21284.0,21563.2,21282.0,21282.0,21282.0,21282.0
63.804,22265.6,21400.2,21284.0,21550.8,21282.0,21282.0,21282.0,21282.0
63.82,22265.6,21400.2,21284.0,21545.6,21282.0,21282.0,21282.0,21282.0
63.82,22265.6,21400.2,21284.0,21545.2,21282.0,21282.0,21282.0,21282.0
74.912,22265.6,21400.2,21284.0,21542.0,21282.0,21282.0,21282.0,21282.0
74.927,22265.6,21400.2,21284.0,21536.6,21282.0,21282.0,21282.0,21282.0
74.927,22265.6,21400.2,21284.0,21526.2,21282.0,21282.0,21282.0,21282.0
76.893,22265.6,21400.2,21284.0,21518.6,21282.0,21282.0,21282.0,21282.0
81.261,22265.6,21400.2,21282.0,21518.6,21282.0,21282.0,21282.0,21282.0
83.85,22264.4,21400.2,21282.0,21518.6,21282.0,21282.0,21282.0,21282.0
92.384,22264.4,21400.2,21282.0,21499.2,21282.0,21282.0,21282.0,21282.0
121.883,22257.4,21400.2,21282.0,21499.2,21282.0,21282.0,21282.0,21282.0
152.069,22246.2,21400.2,21282.0,21499.2,21282.0,21282.0,21282.0,21282.0
153.271,22246.2,21393.4,21282.0,21499.2,21282.0,21282.0,21282.0,21282.0
153.287,22246.2,21387.8,21282.0,21499.2,21282.0,21282.0,21282.0,21282.0
153.318,22246.2,21383.2,21282.0,21499.2,21282.0,21282.0,21282.0,21282.0
153.333,22246.2,21372.4,21282.0,21499.2,21282.0,21282.0,21282.0,21282.0
153.349,22246.2,21359.6,21282.0,21499.2,21282.0,21282.0,21282.0,21282.0
153.365,22246.2,21348.4,21282.0,21499.2,21282.0,21282.0,21282.0,21282.0
153.365,22246.2,21343.2,21282.0,21499.2,21282.0,21282.0,21282.0,21282.0
154.737,22246.2,21341.2,21282.0,21499.2,21282.0,21282.0,21282.0,21282.0
160.587,22246.2,21341.2,21282.0,21490.2,21282.0,21282.0,21282.0,21282.0
160.649,22246.2,21341.2,21282.0,21488.4,21282.0,21282.0,21282.0,21282.0
160.649,22246.2,21341.2,21282.0,21476.6,21282.0,21282.0,21282.0,21282.0
161.679,22246.2,21341.2,21282.0,21441.4,21282.0,21282.0,21282.0,21282.0
194.362,22220.0,21341.2,21282.0,21441.4,21282.0,21282.0,21282.0,21282.0
197.669,22220.0,21341.2,21282.0,21431.8,21282.0,21282.0,21282.0,21282.0
197.669,22220.0,21341.2,21282.0,21424.0,21282.0,21282.0,21282.0,21282.0
208.277,22220.0,21339.2,21282.0,21424.0,21282.0,21282.0,21282.0,21282.0
208.308,22220.0,21336.6,21282.0,21424.0,21282.0,21282.0,21282.0,21282.0
264.889,22207.0,21336.6,21282.0,21424.0,21282.0,21282.0,21282.0,21282.0
270.739,22198.4,21336.6,21282.0,21424.0,21282.0,21282.0,21282.0,21282.0
