tiempo,SH,SCH,SHMM,SHMP,SH-BL,SCH-BL,SHMM-BL,SHMP-BL
0.0,69055.8,53515.6,69142.4,69145.2,42828.6,42685.6,42951.6,42880.0
0.0,67960.2,53105.4,68931.0,67134.8,42828.6,42685.6,42951.6,42880.0
0.0,67106.2,52828.4,68476.6,66605.4,42828.6,42685.6,42951.6,42880.0
0.0,67106.2,52560.0,68104.2,65916.2,42828.6,42685.6,42951.6,42880.0
0.0,67106.2,52099.6,68104.2,65916.2,42828.6,42685.6,42951.6,42880.0
0.0,67106.2,51983.4,68104.2,65916.2,42828.6,42685.6,42951.6,42880.0
0.015,65582.6,51912.8,67967.0,65840.0,42828.6,42665.6,42929.4,42880.0
0.015,64211.4,51680.2,67360.4,65840.0,42828.6,42665.6,42929.4,42880.0
0.015,63353.0,51522.2,66159.2,65840.0,42828.6,42665.6,42929.4,42880.0
0.015,63019.2,51319.4,66159.2,65840.0,42828.6,42665.6,42929.4,42880.0
0.015,63019.2,51293.4,66159.2,65840.0,42828.6,42665.6,42929.4,42880.0
0.016,61266.6,51218.2,65977.0,64336.8,42828.6,42607.8,42850.8,42710.2
0.016,59581.0,51065.6,65554.4,64025.2,42828.6,42555.0,42850.8,42649.2
0.016,59581.0,51024.0,65208.2,63923.2,42828.6,42516.2,42850.8,42649.2
0.016,59581.0,50904.8,65208.2,63923.2,42828.6,42516.2,42850.8,42649.2
0.031,58989.4,50694.2,63973.0,63565.6,42621.2,42458.2,42714.0,42572.8
0.031,58667.0,50410.6,63086.4,63227.2,42621.2,42404.4,42714.0,42550.2
0.031,58334.0,50380.8,61959.0,63227.2,42621.2,42404.4,42714.0,42550.2
0.031,58334.0,50319.0,61959.0,63227.2,42621.2,42404.4,42714.0,42550.2
0.031,58334.0,50258.2,61959.0,63227.2,42621.2,42404.4,42714.0,42550.2
0.031,58334.0,50116.8,61959.0,63227.2,42621.2,42404.4,42714.0,42550.2
0.032,57904.4,50116.8,61699.0,62885.0,42609.0,42389.8,42681.2,42547.4
0.032,57793.2,50116.8,61699.0,62840.0,42602.2,42378.2,42681.2,42524.8
0.032,57720.2,50116.8,61699.0,62607.4,42602.2,42378.2,42681.2,42524.8
0.046,57720.2,50054.2,61107.2,62607.4,42602.2,42371.8,42676.2,42519.4
0.046,57720.2,50054.2,60881.2,62607.4,42602.2,42371.8,42676.2,42461.2
0.046,57720.2,50054.2,60788.4,62607.4,42602.2,42371.8,42676.2,42461.2
0.047,56181.0,49910.4,60429.6,61894.8,42523.2,42337.8,42643.8,42423.6
0.047,55801.0,49705.0,60429.6,61711.8,42523.2,42309.8,42643.8,42391.6
0.047,55509.2,49685.0,60429.6,61711.8,42523.2,42309.8,42643.8,42391.2
0.047,55332.6,49685.0,60429.6,61711.8,42523.2,42309.8,42643.8,42391.2
0.062,54769.0,49515.0,59707.4,61451.2,42522.4,42293.2,42599.4,42362.4
0.062,54717.8,49407.6,59580.0,61451.2,42522.4,42285.6,42599.4,42356.4
0.062,54589.0,49407.6,59580.0,61451.2,42522.4,42285.6,42599.4,42352.0
0.063,54133.6,49358.8,58853.4,61326.0,42522.4,42265.0,42599.4,42330.4
0.063,53925.0,49358.8,58319.4,61071.0,42522.4,42265.0,42599.4,42330.4
0.063,53925.0,49358.8,58180.8,60775.8,42522.4,42265.0,42599.4,42330.4
0.063,53925.0,49358.8,58180.8,60629.4,42522.4,42265.0,42599.4,42330.4
0.077,53925.0,49358.8,58180.8,60629.4,42522.4,42265.0,42599.4,42329.6
0.078,53417.0,49187.6,56660.0,60310.0,42448.4,42237.8,42507.0,42319.4
0.078,53274.2,49187.6,56352.2,60288.4,42448.4,42237.8,42507.0,42304.2
0.078,53002.2,49187.6,56323.2,60288.4,42448.4,42237.8,42507.0,42304.2
0.093,53002.2,49154.8,56049.8,60284.0,42448.4,42233.4,42507.0,42276.0
0.093,53002.2,49149.4,56032.6,60284.0,42448.4,42233.4,42507.0,42276.0
0.093,53002.2,49084.0,55916.2,60284.0,42448.4,42233.4,42507.0,42276.0
0.094,52636.0,48969.2,55445.2,60275.8,42417.4,42233.4,42507.0,42276.0
0.094,52636.0,48918.6,55295.6,60275.8,42417.4,42233.4,42507.0,42276.0
0.094,52636.0,48918.6,55164.4,60275.8,42417.4,42233.4,42507.0,42276.0
0.094,52636.0,48918.6,54845.8,60275.8,42417.4,42233.4,42507.0,42276.0
0.109,52516.6,48742.6,53665.8,60204.6,42417.4,42229.2,42469.4,42272.2
0.109,52516.6,48695.6,53665.8,60204.6,42417.4,42229.2,42469.4,42269.4
0.11,52516.6,48695.6,53665.8,59627.6,42417.4,42229.2,42469.4,42269.4
0.11,52516.6,48695.6,53665.8,59547.2,42417.4,42229.2,42469.4,42269.4
0.124,52516.6,48597.8,53563.4,59547.2,42417.4,42228.8,42469.4,42261.4
0.124,52516.6,48558.2,53362.6,59547.2,42417.4,42228.8,42469.4,42261.4
0.124,52516.6,48546.8,53362.6,59547.2,42417.4,42228.8,42469.4,42261.4
0.125,52241.6,48519.4,52521.6,59078.6,42417.4,42228.8,42469.4,42255.6
0.125,52241.6,48519.4,52521.6,58984.8,42417.4,42228.8,42469.4,42251.4
0.14,52241.6,48426.0,51852.0,58984.8,42417.4,42228.8,42469.4,42251.4
0.141,52241.6,48426.0,51739.8,58769.6,42417.4,42218.0,42469.4,42251.4
0.156,52240.2,48376.4,51537.6,58539.4,42390.2,42187.2,42458.0,42251.4
0.156,52240.2,48339.4,51537.6,58488.8,42390.2,42187.2,42458.0,42251.4
0.171,52164.8,48319.2,51537.6,58473.2,42366.0,42183.0,42446.6,42251.4
0.171,52164.8,48307.0,51537.6,58473.2,42366.0,42168.6,42446.6,42251.4
0.171,52164.8,48298.4,51537.6,58473.2,42366.0,42168.6,42446.6,42251.4
0.172,52162.8,48287.8,51537.6,58346.6,42366.0,42168.2,42429.0,42251.4
0.172,52066.2,48255.4,51537.6,58193.8,42366.0,42168.2,42429.0,42251.4
0.172,52066.2,48255.4,51537.6,58046.6,42366.0,42168.2,42429.0,42251.4
0.187,52066.2,48177.6,51486.4,58038.4,42366.0,42164.0,42429.0,42251.4
0.187,52066.2,48166.4,51446.8,57912.2,42366.0,42159.0,42429.0,42251.4
0.187,52066.2,48084.8,51446.8,57912.2,42366.0,42159.0,42429.0,42251.4
0.188,52066.2,48084.8,51446.8,57812.6,42366.0,42159.0,42429.0,42248.2
0.188,52066.2,48084.8,51446.8,57812.6,42366.0,42159.0,42429.0,42221.8
0.202,52066.2,48084.2,51407.2,57706.2,42366.0,42151.0,42429.0,42221.8
0.202,52066.2,48067.2,51364.8,57706.2,42366.0,42151.0,42429.0,42221.8
0.203,51499.2,48014.2,51359.0,57543.2,42330.4,42151.0,42413.8,42201.2
0.203,51499.2,48010.4,51359.0,57536.8,42330.4,42151.0,42413.8,42201.2
0.218,51499.2,47901.6,51241.6,57400.6,42330.4,42143.0,42402.8,42197.0
0.218,51499.2,47762.6,51241.6,57400.6,42330.4,42143.0,42402.8,42197.0
0.218,51499.2,47738.4,51241.6,57400.6,42330.4,42143.0,42402.8,42197.0
0.219,51499.2,47738.4,51022.0,57311.0,42330.4,42143.0,42350.0,42196.6
0.219,51499.2,47738.4,51022.0,57295.6,42330.4,42143.0,42350.0,42196.6
0.234,51322.4,47610.4,50567.0,57236.2,42330.4,42135.4,42313.6,42193.8
0.234,51322.4,47511.2,50517.6,57236.2,42330.4,42131.0,42313.6,42193.8
0.234,51322.4,47464.8,50517.6,57236.2,42330.4,42131.0,42313.6,42193.8
0.249,51322.4,47464.8,50394.2,57236.2,42330.4,42131.0,42313.6,42193.8
0.249,51322.4,47464.8,50179.2,57236.2,42330.4,42131.0,42313.6,42193.8
0.25,51322.4,47464.8,50019.4,57128.8,42330.4,42131.0,42280.0,42193.8
0.25,51322.4,47464.8,50019.4,57097.6,42330.4,42131.0,42280.0,42193.8
0.25,51322.4,47464.8,50019.4,57053.6,42330.4,42131.0,42280.0,42193.8
0.265,51322.4,47425.4,50000.2,57053.6,42327.0,42131.0,42253.6,42193.8
0.265,51322.4,47326.6,50000.2,57053.6,42327.0,42131.0,42253.6,42193.8
0.265,51322.4,47326.4,50000.2,57053.6,42327.0,42131.0,42253.6,42193.8
0.266,51163.4,47326.4,50000.2,57019.8,42327.0,42131.0,42253.6,42193.8
0.266,51163.4,47326.4,50000.2,57015.2,42327.0,42131.0,42253.6,42193.8
0.28,51163.4,47322.8,50000.2,57015.2,42327.0,42131.0,42253.6,42193.8
0.28,51163.4,47307.8,50000.2,57015.2,42327.0,42131.0,42253.6,42193.8
0.281,51163.4,47285.4,49855.6,57015.2,42327.0,42131.0,42247.8,42193.8
0.281,51163.4,47280.4,49855.6,57015.2,42327.0,42131.0,42247.8,42193.8
0.296,51163.4,47244.8,49812.8,56972.8,42327.0,42131.0,42224.8,42193.8
0.296,51163.4,47228.2,49812.8,56972.8,42327.0,42131.0,42224.8,42193.8
0.296,51163.4,47222.8,49812.8,56972.8,42327.0,42131.0,42224.8,42193.8
0.297,51163.4,47168.8,49812.8,56858.0,42327.0,42131.0,42224.8,42193.8
0.297,51163.4,47162.2,49812.8,56787.0,42327.0,42131.0,42224.8,42193.8
0.297,51163.4,47162.2,49812.8,56740.6,42327.0,42131.0,42224.8,42193.8
0.312,51163.4,47132.8,49773.6,56584.4,42327.0,42131.0,42219.8,42193.8
0.312,51163.4,47110.2,49773.6,56501.8,42327.0,42131.0,42219.8,42193.8
0.312,51163.4,47102.6,49773.6,56501.8,42327.0,42131.0,42219.8,42193.8
0.327,51159.6,47101.6,49703.8,56501.8,42327.0,42131.0,42219.8,42193.8
0.327,51159.6,47101.6,49688.0,56501.8,42327.0,42131.0,42219.8,42193.8
0.328,51016.6,47085.2,49541.4,56463.6,42327.0,42131.0,42194.2,42193.8
0.328,51016.6,47085.2,49501.8,56401.0,42327.0,42131.0,42194.2,42193.8
0.343,51016.6,47066.6,49406.4,56401.0,42327.0,42131.0,42190.0,42193.8
0.343,51016.6,47053.6,49406.4,56401.0,42327.0,42131.0,42190.0,42193.8
0.344,51016.6,47053.6,49393.4,56372.6,42327.0,42128.2,42190.0,42193.8
0.344,51016.6,47053.6,49393.4,56311.4,42327.0,42128.2,42190.0,42193.8
0.344,51016.6,47053.6,49393.4,56226.2,42327.0,42128.2,42190.0,42193.8
0.358,51016.6,47051.6,49267.0,56170.6,42327.0,42128.2,42190.0,42193.8
0.358,51016.6,47027.2,49267.0,56170.6,42327.0,42128.2,42190.0,42193.8
0.359,50934.8,47007.2,49162.0,55941.4,42327.0,42128.2,42190.0,42193.8
0.359,50859.2,47007.2,48963.6,55934.0,42327.0,42128.2,42190.0,42193.8
0.374,50416.4,46982.0,48963.6,55831.6,42327.0,42128.2,42190.0,42193.8
0.374,50416.4,46976.0,48963.6,55831.6,42327.0,42128.2,42190.0,42193.8
0.374,50416.4,46963.0,48963.6,55831.6,42327.0,42128.2,42190.0,42193.8
0.375,50416.4,46948.2,48963.6,55795.0,42327.0,42128.2,42190.0,42193.8
0.389,50416.4,46948.2,48963.6,55719.6,42327.0,42128.2,42190.0,42193.8
0.389,50416.4,46948.2,48963.6,55635.0,42327.0,42128.2,42190.0,42193.8
0.39,50416.4,46842.4,48950.6,55613.8,42327.0,42128.2,42187.2,42193.8
0.39,50416.4,46838.6,48950.6,55613.8,42327.0,42128.2,42187.2,42193.8
0.405,50416.4,46822.4,48718.2,55584.2,42327.0,42128.2,42187.0,42193.8
0.406,50416.4,46786.6,48568.8,55550.0,42327.0,42128.2,42187.0,42193.8
0.406,50416.4,46762.4,48568.8,55545.2,42327.0,42128.2,42187.0,42193.8
0.406,50416.4,46762.4,48568.8,55380.0,42327.0,42128.2,42187.0,42193.8
0.421,50416.4,46725.6,48568.8,55299.4,42327.0,42128.2,42177.8,42193.8
0.437,50184.2,46687.4,48568.8,55269.4,42327.0,42128.2,42170.0,42193.8
0.437,50184.2,46630.8,48568.8,55269.4,42327.0,42128.2,42161.0,42193.8
0.452,50184.2,46608.8,48496.0,55177.0,42327.0,42128.2,42161.0,42193.8
0.452,50184.2,46606.0,48496.0,55177.0,42327.0,42128.2,42161.0,42193.8
0.453,50184.2,46603.6,48496.0,55088.0,42327.0,42128.2,42161.0,42193.8
0.453,50184.2,46592.0,48496.0,55088.0,42327.0,42128.2,42161.0,42193.8
0.468,50184.2,46567.0,48289.6,54841.4,42327.0,42128.2,42153.6,42193.8
0.468,50184.2,46567.0,48289.6,54743.0,42327.0,42128.2,42145.8,42193.8
0.483,50184.2,46542.6,48085.0,54743.0,42327.0,42128.2,42140.0,42193.8
0.483,50184.2,46532.6,48085.0,54743.0,42327.0,42128.2,42140.0,42193.8
0.484,49871.4,46509.6,48085.0,54639.0,42327.0,42128.2,42140.0,42192.8
0.484,49871.4,46509.6,48085.0,54554.8,42327.0,42128.2,42140.0,42192.8
0.498,49871.4,46509.6,48085.0,54554.6,42327.0,42128.2,42140.0,42192.8
0.499,49871.4,46468.4,48072.8,54429.2,42327.0,42128.2,42126.0,42192.8
0.499,49871.4,46468.4,48072.8,54382.6,42327.0,42128.2,42126.0,42192.8
0.5,49871.4,46468.4,48072.8,54338.8,42327.0,42128.2,42124.4,42192.8
0.514,49871.4,46454.8,48072.8,54327.2,42327.0,42128.2,42124.4,42192.8
0.514,49871.4,46442.8,48072.8,54286.8,42327.0,42128.2,42124.4,42192.8
0.515,49871.4,46430.4,48072.8,54251.0,42327.0,42127.0,42124.0,42192.8
0.515,49871.4,46430.4,48072.8,54232.2,42327.0,42124.2,42124.0,42192.8
0.53,49871.4,46348.0,48072.8,54153.8,42327.0,42124.2,42121.8,42184.8
0.53,49871.4,46327.6,48072.8,54153.8,42327.0,42124.2,42121.8,42184.8
0.53,49871.4,46289.0,48072.8,54153.8,42327.0,42124.2,42121.8,42184.8
0.531,49871.4,46289.0,47648.8,54140.2,42327.0,42124.2,42117.6,42184.8
0.531,49871.4,46289.0,47648.8,54049.8,42327.0,42124.2,42117.6,42184.8
0.545,49871.4,46289.0,47648.8,53995.0,42327.0,42124.2,42117.6,42184.8
0.546,49871.4,46264.6,47541.6,53879.2,42327.0,42124.2,42117.6,42184.8
0.546,49871.4,46264.6,47541.6,53846.4,42327.0,42124.2,42117.6,42184.8
0.561,49871.4,46212.2,47385.4,53846.4,42327.0,42124.2,42111.8,42184.8
0.561,49871.4,46188.8,47385.4,53846.4,42327.0,42124.2,42111.8,42184.8
0.561,49871.4,46181.0,47385.4,53846.4,42327.0,42124.2,42111.8,42184.8
0.561,49871.4,46179.8,47385.4,53846.4,42327.0,42124.2,42111.8,42184.8
0.562,49871.4,46174.0,47385.4,53787.0,42327.0,42124.2,42111.8,42184.6
0.562,49871.4,46174.0,47385.4,53787.0,42327.0,42124.2,42111.8,42176.8
0.576,49871.4,46174.0,47385.4,53784.0,42327.0,42124.2,42111.8,42176.8
0.577,49871.4,46152.4,47109.2,53784.0,42327.0,42124.2,42105.4,42176.8
0.577,49871.4,46151.2,47109.2,53784.0,42327.0,42124.2,42105.4,42176.8
0.578,49871.4,46151.2,47094.4,53686.6,42327.0,42124.2,42105.4,42176.8
0.592,49871.4,46095.4,47094.4,53686.6,42327.0,42124.2,42105.4,42176.8
0.593,49871.4,46057.6,47048.2,53542.0,42327.0,42124.2,42105.4,42176.8
0.593,49871.4,46057.6,47048.2,53480.4,42327.0,42124.2,42105.4,42176.8
0.608,49871.4,46034.2,47048.2,53453.0,42327.0,42124.2,42105.4,42176.8
0.609,49822.2,46034.2,47046.2,53324.6,42327.0,42124.2,42105.4,42176.8
0.609,49822.2,46034.2,47046.2,53277.2,42327.0,42124.2,42105.4,42176.8
0.624,49765.0,46027.8,47046.2,53274.6,42327.0,42124.2,42105.4,42176.8
0.624,49765.0,46027.6,47046.2,53274.6,42327.0,42124.2,42105.4,42176.8
0.624,49765.0,46007.2,47046.2,53274.6,42327.0,42124.2,42105.4,42176.8
0.624,49765.0,46006.6,47046.2,53274.6,42327.0,42124.2,42105.4,42176.8
0.64,49765.0,46001.2,47046.2,53225.0,42327.0,42124.2,42097.2,42176.8
0.655,49765.0,45983.0,46999.0,53225.0,42327.0,42124.2,42097.2,42176.8
0.655,49765.0,45981.6,46999.0,53225.0,42327.0,42124.2,42097.2,42176.8
0.656,49765.0,45981.6,46999.0,53210.4,42327.0,42124.2,42097.2,42176.8
0.67,49765.0,45938.8,46999.0,53206.6,42327.0,42124.2,42097.2,42176.8
0.671,49765.0,45938.8,46999.0,53136.4,42327.0,42124.2,42097.2,42176.8
0.686,49765.0,45938.8,46906.4,53136.4,42327.0,42124.2,42097.2,42176.8
0.701,49765.0,45938.8,46906.4,53122.0,42327.0,42124.2,42097.2,42176.8
0.701,49765.0,45938.8,46906.4,53057.2,42327.0,42124.2,42097.2,42176.8
0.702,49765.0,45936.2,46904.2,52985.0,42317.0,42124.2,42097.2,42176.8
0.717,49765.0,45921.2,46904.2,52985.0,42317.0,42124.2,42097.2,42176.8
0.718,49765.0,45908.4,46833.0,52985.0,42317.0,42124.2,42097.2,42176.8
0.733,49765.0,45880.0,46815.2,52985.0,42317.0,42124.2,42097.2,42176.8
0.733,49765.0,45879.8,46815.2,52985.0,42317.0,42124.2,42097.2,42176.8
0.734,49765.0,45879.8,46792.2,52774.0,42317.0,42124.2,42097.2,42176.8
0.734,49765.0,45879.8,46792.2,52726.0,42317.0,42124.2,42097.2,42176.8
0.748,49765.0,45869.8,46792.2,52726.0,42317.0,42124.2,42097.2,42176.8
0.748,49765.0,45860.6,46792.2,52726.0,42317.0,42124.2,42097.2,42176.8
0.749,49765.0,45860.6,46724.2,52547.8,42317.0,42124.2,42093.0,42176.8
0.764,49765.0,45825.8,46724.2,52530.2,42317.0,42124.2,42080.6,42176.8
0.764,49765.0,45818.6,46724.2,52530.2,42317.0,42124.2,42080.6,42176.8
0.765,49765.0,45818.6,46724.2,52498.6,42317.0,42124.2,42080.6,42176.8
0.78,49612.0,45813.8,46714.0,52426.2,42317.0,42124.2,42080.6,42176.8
0.78,49612.0,45805.2,46714.0,52356.6,42317.0,42124.2,42080.6,42176.8
0.795,49612.0,45802.6,46714.0,52356.6,42317.0,42124.2,42080.6,42176.8
0.811,49612.0,45782.4,46648.8,52356.6,42317.0,42124.2,42080.6,42176.8
0.811,49612.0,45768.0,46622.8,52356.6,42317.0,42124.2,42080.6,42176.8
0.811,49612.0,45768.0,46583.8,52356.6,42317.0,42124.2,42080.6,42176.8
0.826,49612.0,45759.6,46583.8,52356.6,42317.0,42124.2,42080.6,42176.8
0.827,49612.0,45759.6,46536.6,52343.8,42317.0,42124.2,42080.6,42176.8
0.842,49396.0,45757.6,46536.6,52343.8,42317.0,42124.2,42080.6,42176.8
0.843,49396.0,45757.6,46476.4,52299.0,42317.0,42124.2,42080.6,42176.8
0.843,49396.0,45757.6,46385.6,52299.0,42317.0,42124.2,42080.6,42176.8
0.858,49396.0,45749.0,46385.6,52295.0,42317.0,42124.2,42080.6,42176.8
0.858,49396.0,45739.0,46385.6,52295.0,42317.0,42124.2,42080.6,42176.8
0.874,49396.0,45739.0,46385.6,52294.0,42317.0,42124.2,42080.6,42176.8
0.874,49396.0,45739.0,46385.6,52248.4,42317.0,42124.2,42080.6,42176.8
0.889,49396.0,45723.8,46385.6,52248.4,42317.0,42124.2,42080.6,42176.8
0.89,49396.0,45723.8,46385.6,52150.8,42317.0,42124.2,42079.0,42176.8
0.904,49396.0,45720.4,46382.0,52150.8,42317.0,42124.2,42079.0,42176.8
0.905,49325.6,45720.4,46382.0,52035.2,42317.0,42124.2,42068.2,42176.8
0.905,49325.6,45720.4,46382.0,51981.6,42317.0,42124.2,42068.2,42176.8
0.92,49069.6,45696.6,46360.0,51981.6,42317.0,42124.2,42068.2,42176.8
0.921,49069.6,45696.6,46360.0,51939.6,42317.0,42124.2,42068.2,42176.8
0.935,49069.6,45696.6,46360.0,51886.8,42317.0,42124.2,42068.2,42176.8
0.936,49069.6,45694.2,46308.8,51825.6,42317.0,42124.2,42068.2,42176.8
0.936,49069.6,45694.2,46308.8,51822.4,42317.0,42124.2,42068.2,42176.8
0.951,49069.6,45665.0,46308.8,51806.0,42312.8,42124.2,42068.2,42176.8
0.951,49069.6,45661.6,46308.8,51806.0,42312.8,42124.2,42068.2,42176.8
0.952,49069.6,45661.6,46308.8,51781.4,42312.8,42124.2,42068.2,42176.8
0.966,49069.6,45661.6,46308.8,51725.0,42312.8,42124.2,42068.2,42176.8
0.967,49069.6,45661.6,46257.4,51725.0,42312.8,42124.2,42068.2,42171.4
0.968,49069.6,45661.6,46257.4,51577.2,42312.8,42124.2,42068.2,42171.4
0.968,49069.6,45661.6,46257.4,51573.8,42312.8,42124.2,42068.2,42171.4
0.982,49069.6,45661.6,46257.4,51562.4,42312.8,42124.2,42068.2,42171.4
0.983,49069.6,45660.2,46239.4,51562.4,42312.8,42124.2,42068.2,42171.4
0.998,49069.6,45660.2,46239.4,51562.4,42312.8,42124.2,42058.0,42168.8
0.998,49069.6,45660.2,46239.4,51562.4,42312.8,42124.2,42058.0,42128.2
0.999,49069.6,45643.2,46239.4,51452.8,42312.8,42124.2,42058.0,42128.2
0.999,49069.6,45643.2,46239.4,51367.6,42312.8,42124.2,42058.0,42128.2
1.014,48818.4,45623.6,46113.0,51367.6,42312.8,42124.2,42058.0,42128.2
1.029,48818.4,45606.6,46113.0,51339.0,42288.0,42124.2,42055.8,42122.2
1.029,48818.4,45606.6,46113.0,51339.0,42288.0,42124.2,42055.8,42118.0
1.03,48818.4,45606.6,46113.0,51260.4,42288.0,42124.2,42055.8,42116.2
1.03,48818.4,45606.6,46113.0,51255.6,42288.0,42124.2,42055.8,42109.8
1.045,48818.4,45576.8,46093.6,51255.6,42288.0,42124.2,42055.8,42105.6
1.045,48818.4,45532.6,46093.6,51255.6,42288.0,42124.2,42055.8,42105.6
1.046,48818.4,45532.6,46092.0,51222.6,42288.0,42124.2,42055.8,42105.6
1.06,48818.4,45530.0,45928.0,51217.4,42288.0,42124.2,42055.8,42101.4
1.061,48818.4,45486.8,45928.0,51217.4,42288.0,42124.2,42055.8,42101.4
1.077,48818.4,45486.8,45896.0,51146.6,42288.0,42124.2,42055.8,42101.4
1.077,48818.4,45486.8,45896.0,51137.2,42288.0,42124.2,42055.8,42101.4
1.077,48818.4,45486.8,45896.0,51069.0,42288.0,42124.2,42055.8,42101.4
1.092,48818.4,45480.0,45896.0,51069.0,42288.0,42124.2,42055.8,42101.4
1.092,48818.4,45468.2,45896.0,51069.0,42288.0,42124.2,42055.8,42101.4
1.092,48818.4,45465.0,45896.0,51069.0,42288.0,42124.2,42055.8,42101.4
1.092,48818.4,45460.0,45896.0,51069.0,42288.0,42124.2,42055.8,42101.4
1.107,48818.4,45438.4,45887.6,51054.2,42288.0,42124.2,42055.8,42101.4
1.123,48818.4,45436.2,45887.6,51054.2,42288.0,42124.2,42055.8,42101.4
1.123,48818.4,45429.4,45887.6,51054.2,42288.0,42124.2,42055.8,42101.4
1.124,48818.4,45429.4,45887.6,50985.4,42288.0,42124.2,42055.8,42101.4
1.124,48818.4,45429.4,45887.6,50965.2,42288.0,42124.2,42055.8,42101.4
1.138,48818.4,45397.4,45887.6,50965.2,42288.0,42124.2,42055.8,42101.4
1.138,48818.4,45391.6,45887.6,50965.2,42288.0,42124.2,42055.8,42101.4
1.139,48818.4,45391.6,45800.8,50898.0,42288.0,42124.2,42055.8,42101.4
1.154,48818.4,45367.2,45732.6,50843.6,42288.0,42124.2,42055.8,42101.4
1.169,48818.4,45367.2,45732.6,50836.8,42288.0,42124.2,42055.8,42101.4
1.169,48818.4,45367.2,45732.6,50814.2,42288.0,42124.2,42055.8,42101.4
1.17,48818.4,45367.2,45695.0,50814.2,42288.0,42124.2,42055.8,42101.4
1.185,48818.4,45367.2,45691.6,50768.0,42288.0,42124.2,42055.8,42101.4
1.185,48818.4,45367.2,45691.6,50765.4,42288.0,42124.2,42055.8,42101.4
1.185,48818.4,45367.2,45691.6,50748.2,42288.0,42124.2,42055.8,42101.4
1.186,48818.4,45367.2,45682.8,50724.0,42288.0,42124.2,42055.8,42101.4
1.2,48818.4,45367.2,45682.8,50707.0,42288.0,42124.2,42055.8,42101.4
1.2,48818.4,45367.2,45682.8,50699.8,42288.0,42124.2,42055.8,42101.4
1.201,48818.4,45344.6,45677.6,50699.8,42288.0,42124.2,42055.8,42101.4
1.202,48818.4,45344.6,45677.6,50650.6,42288.0,42124.2,42055.8,42101.4
1.217,48818.4,45344.6,45677.6,50647.2,42288.0,42124.0,42055.8,42101.4
1.232,48818.4,45344.6,45655.0,50620.8,42288.0,42124.0,42055.8,42101.4
1.233,48818.4,45344.6,45655.0,50614.8,42288.0,42119.6,42055.8,42101.4
1.248,48818.4,45304.0,45655.0,50581.6,42288.0,42119.6,42055.8,42101.4
1.248,48818.4,45304.0,45655.0,50571.6,42288.0,42119.6,42055.8,42101.4
1.263,48818.4,45304.0,45655.0,50571.6,42288.0,42116.8,42055.8,42101.4
1.264,48818.4,45288.8,45602.4,50531.0,42288.0,42116.8,42055.8,42101.4
1.278,48818.4,45288.8,45602.4,50504.2,42288.0,42116.8,42055.8,42101.4
1.278,48818.4,45288.8,45602.4,50492.2,42288.0,42116.8,42055.8,42101.4
1.278,48818.4,45288.8,45602.4,50486.6,42288.0,42116.8,42055.8,42101.4
1.279,48818.4,45264.8,45583.4,50486.6,42288.0,42111.8,42055.8,42101.4
1.279,48818.4,45264.8,45517.4,50486.6,42288.0,42111.8,42055.8,42101.4
1.28,48818.4,45264.8,45517.4,50485.2,42288.0,42106.0,42055.8,42101.4
1.295,48818.4,45251.6,45517.4,50464.0,42284.2,42101.8,42055.8,42101.4
1.295,48818.4,45251.6,45517.4,50420.2,42284.2,42101.8,42055.8,42101.4
1.295,48818.4,45251.6,45517.4,50394.2,42284.2,42101.8,42055.8,42101.4
1.31,48818.4,45247.2,45517.4,50394.2,42284.2,42101.8,42055.8,42101.4
1.311,48818.4,45232.6,45517.4,50391.4,42284.2,42101.8,42055.8,42101.4
1.326,48818.4,45223.8,45517.4,50391.4,42284.2,42101.8,42055.8,42101.4
1.326,48818.4,45141.8,45517.4,50391.4,42284.2,42101.8,42055.8,42101.4
1.341,48818.4,45118.8,45517.4,50391.4,42284.2,42101.8,42055.8,42101.4
1.342,48818.4,45106.6,45508.2,50357.4,42284.2,42101.8,42055.8,42101.4
1.342,48818.4,45105.2,45508.2,50357.4,42284.2,42101.8,42055.8,42101.4
1.356,48818.4,45105.2,45508.2,50354.0,42284.2,42101.8,42055.8,42101.4
1.357,48818.4,45091.8,45507.6,50354.0,42284.2,42101.8,42055.8,42101.4
1.358,48818.4,45091.8,45507.6,50282.6,42284.2,42101.8,42055.8,42101.4
1.372,48818.4,45091.8,45507.6,50265.0,42284.2,42101.8,42055.8,42101.4
1.373,48818.4,45086.0,45486.0,50227.6,42284.2,42101.8,42055.8,42101.4
1.388,48429.8,45053.0,45452.4,50211.6,42284.2,42100.4,42055.8,42101.4
1.388,48429.8,45046.0,45452.4,50202.0,42284.2,42100.4,42055.8,42101.4
1.389,48429.8,45044.4,45452.4,50150.2,42284.2,42100.4,42055.8,42101.4
1.389,48429.8,45044.4,45452.4,50071.2,42284.2,42100.4,42055.8,42101.4
1.404,48429.8,45028.2,45446.8,50049.0,42284.2,42091.0,42055.8,42101.4
1.419,48429.8,45028.2,45436.4,50019.0,42284.2,42091.0,42055.8,42101.4
1.42,48429.8,45028.2,45433.4,49961.8,42284.2,42091.0,42055.8,42101.4
1.434,48429.8,45028.2,45433.4,49929.8,42284.2,42091.0,42055.8,42101.4
1.435,48429.8,45025.8,45375.8,49929.8,42284.2,42091.0,42055.8,42101.4
1.436,48429.8,45025.8,45373.6,49929.0,42284.2,42091.0,42055.8,42101.4
1.436,48429.8,45025.8,45358.8,49929.0,42284.2,42091.0,42055.8,42101.4
1.436,48429.8,45025.8,45324.4,49929.0,42284.2,42091.0,42055.8,42101.4
1.451,48429.8,45020.8,45324.4,49929.0,42284.2,42091.0,42055.8,42101.4
1.466,48429.8,45020.8,45324.4,49924.6,42284.2,42091.0,42055.8,42101.4
1.467,48429.8,45020.8,45271.6,49900.6,42284.2,42091.0,42055.8,42101.4
1.467,48429.8,45020.8,45235.8,49900.6,42284.2,42091.0,42055.8,42101.4
1.482,48429.8,45020.8,45127.8,49900.6,42284.2,42091.0,42055.8,42101.4
1.497,48429.8,45020.8,45122.4,49900.6,42284.2,42091.0,42055.8,42101.4
1.498,48429.8,45020.8,45115.6,49873.8,42284.2,42091.0,42055.8,42101.4
1.498,48429.8,45020.8,45112.6,49873.8,42284.2,42091.0,42055.8,42101.4
1.513,48429.8,45020.8,45060.6,49873.8,42284.2,42091.0,42055.8,42101.4
1.529,48429.8,45015.2,45060.6,49819.2,42284.2,42091.0,42055.8,42101.4
1.544,48429.8,45001.2,45060.6,49819.2,42284.2,42091.0,42055.8,42101.4
1.56,48429.8,44976.6,45039.4,49810.8,42284.2,42091.0,42055.8,42101.4
1.575,48429.8,44976.6,44990.2,49810.8,42284.2,42091.0,42055.8,42101.4
1.59,48429.8,44976.6,44990.2,49800.2,42284.2,42091.0,42055.8,42101.4
1.591,48429.8,44972.4,44990.2,49800.2,42284.2,42091.0,42055.8,42101.4
1.592,48429.8,44972.4,44970.8,49800.2,42284.2,42091.0,42055.8,42101.4
1.606,48429.8,44968.6,44970.8,49800.2,42284.2,42091.0,42055.8,42101.4
1.607,48429.8,44968.6,44939.6,49800.2,42284.2,42091.0,42055.8,42101.4
1.622,48429.8,44956.2,44939.6,49800.2,42284.2,42091.0,42055.8,42101.4
1.623,48429.8,44956.2,44933.6,49794.6,42284.2,42091.0,42055.8,42101.4
1.638,48429.8,44953.4,44933.6,49794.6,42284.2,42091.0,42055.8,42101.4
1.654,48429.8,44943.6,44933.6,49794.6,42252.2,42091.0,42055.8,42101.4
1.669,48429.8,44838.4,44928.6,49794.6,42252.2,42091.0,42055.8,42101.4
1.669,48429.8,44833.6,44915.0,49794.6,42252.2,42091.0,42055.8,42101.4
1.669,48429.8,44822.0,44915.0,49794.6,42252.2,42091.0,42055.8,42101.4
1.67,48429.8,44822.0,44915.0,49657.4,42252.2,42091.0,42055.8,42101.4
1.67,48429.8,44822.0,44915.0,49640.2,42252.2,42091.0,42055.8,42101.4
1.7,48429.8,44822.0,44915.0,49637.8,42252.2,42091.0,42055.8,42101.4
1.701,48429.8,44821.2,44915.0,49613.4,42252.2,42091.0,42055.8,42101.4
1.701,48429.8,44815.0,44915.0,49613.4,42252.2,42091.0,42055.8,42101.4
1.701,48429.8,44810.2,44915.0,49613.4,42252.2,42091.0,42055.8,42101.4
1.701,48429.8,44771.0,44915.0,49613.4,42252.2,42091.0,42055.8,42101.4
1.716,48429.8,44762.4,44911.2,49613.4,42252.2,42091.0,42055.8,42101.4
1.732,48429.8,44758.6,44911.2,49613.0,42252.2,42091.0,42055.8,42101.4
1.732,48429.8,44744.8,44911.2,49613.0,42252.2,42091.0,42055.8,42101.4
1.747,48429.8,44733.8,44878.8,49613.0,42252.2,42091.0,42055.8,42101.4
1.747,48429.8,44721.6,44875.0,49613.0,42252.2,42091.0,42055.8,42101.4
1.747,48429.8,44720.6,44875.0,49613.0,42252.2,42091.0,42055.8,42101.4
1.763,48429.8,44720.6,44875.0,49608.2,42252.2,42091.0,42055.8,42101.4
1.779,48429.8,44720.6,44849.4,49577.8,42252.2,42091.0,42055.8,42101.4
1.779,48429.8,44720.6,44849.4,49554.0,42252.2,42091.0,42055.8,42101.4
1.794,48429.8,44692.0,44835.8,49540.4,42252.2,42091.0,42055.8,42101.4
1.81,48429.8,44682.4,44835.8,49540.4,42252.2,42091.0,42055.8,42101.4
1.81,48429.8,44680.2,44835.8,49540.4,42252.2,42091.0,42055.8,42101.4
1.824,48429.8,44680.2,44835.8,49539.6,42252.2,42091.0,42055.8,42101.4
1.825,48429.8,44670.4,44835.8,49539.6,42252.2,42091.0,42055.8,42101.4
1.826,48429.8,44670.4,44835.8,49535.2,42252.2,42091.0,42055.8,42101.4
1.84,48429.8,44670.4,44835.8,49511.4,42252.2,42091.0,42055.8,42101.4
1.841,48429.8,44670.4,44835.8,49491.8,42252.2,42091.0,42055.8,42101.4
1.857,48429.8,44664.8,44835.8,49439.8,42252.2,42091.0,42055.8,42101.4
1.872,48429.8,44664.8,44830.0,49434.4,42252.2,42091.0,42055.8,42101.4
1.887,48429.8,44664.8,44830.0,49405.4,42252.2,42091.0,42055.8,42101.4
1.903,48396.8,44638.2,44830.0,49405.4,42252.2,42091.0,42055.8,42101.4
1.903,48396.8,44607.8,44830.0,49405.4,42252.2,42091.0,42055.8,42101.4
1.904,48396.8,44607.8,44830.0,49380.6,42252.2,42091.0,42055.8,42101.4
1.918,48396.8,44582.2,44830.0,49380.6,42252.2,42091.0,42055.8,42101.4
1.95,48396.8,44568.2,44809.2,49317.2,42252.2,42089.4,42055.8,42101.4
1.95,48396.8,44553.8,44809.2,49293.6,42252.2,42089.4,42055.8,42101.4
1.95,48396.8,44551.4,44809.2,49293.6,42252.2,42089.4,42055.8,42101.4
1.965,48235.0,44549.2,44801.0,49293.6,42252.2,42089.4,42055.8,42101.4
1.965,48235.0,44549.2,44800.8,49293.6,42252.2,42089.4,42055.8,42101.4
1.966,48235.0,44542.8,44800.8,49262.4,42252.2,42089.4,42055.8,42101.4
1.966,48235.0,44540.6,44800.8,49262.4,42252.2,42089.4,42055.8,42101.4
1.98,48235.0,44540.6,44800.8,49256.6,42252.2,42089.4,42055.8,42101.4
1.981,48235.0,44503.0,44800.8,49256.6,42252.2,42089.4,42055.8,42101.4
1.997,48235.0,44490.2,44775.6,49251.6,42252.2,42089.4,42055.8,42101.4
2.013,48235.0,44490.2,44775.6,49245.8,42252.2,42089.4,42055.8,42101.4
2.013,48235.0,44490.2,44775.6,49208.0,42252.2,42089.4,42055.8,42101.4
2.028,48235.0,44482.0,44775.6,49173.4,42252.2,42089.4,42055.8,42101.4
2.044,48235.0,44467.0,44775.6,49173.4,42252.2,42089.4,42055.8,42101.4
2.058,48235.0,44467.0,44775.6,49164.2,42252.2,42089.4,42055.8,42101.4
2.058,48235.0,44467.0,44775.6,49140.8,42252.2,42089.4,42055.8,42101.4
2.059,48235.0,44467.0,44758.0,49140.8,42252.2,42089.4,42055.8,42101.4
2.06,48235.0,44467.0,44755.8,49140.8,42252.2,42089.4,42055.8,42101.4
2.074,48235.0,44458.2,44755.8,49119.4,42252.2,42089.4,42055.8,42101.4
2.075,48235.0,44458.2,44755.8,49104.2,42252.2,42089.4,42055.8,42101.4
2.091,48198.2,44458.2,44755.8,49092.0,42252.2,42089.4,42055.8,42101.4
2.106,48198.2,44455.8,44750.8,49079.4,42252.2,42089.4,42055.8,42101.4
2.106,48198.2,44454.4,44750.8,49079.4,42252.2,42089.4,42055.8,42101.4
2.107,48198.2,44454.4,44750.8,49067.6,42252.2,42089.4,42055.8,42101.4
2.107,48198.2,44454.4,44750.8,49064.6,42252.2,42089.4,42055.8,42101.4
2.122,48198.2,44446.0,44750.8,49040.2,42252.2,42089.4,42055.8,42101.4
2.136,48198.2,44446.0,44750.8,49023.0,42252.2,42089.4,42055.8,42101.4
2.137,48198.2,44442.4,44750.8,49023.0,42252.2,42089.4,42055.8,42101.4
2.152,48198.2,44431.2,44747.2,49019.8,42252.2,42089.4,42055.8,42101.4
2.152,48198.2,44431.2,44747.2,48988.4,42252.2,42089.4,42055.8,42101.4
2.153,48198.2,44401.6,44747.2,48983.0,42252.2,42089.4,42055.8,42101.4
2.168,48198.2,44397.2,44747.2,48983.0,42252.2,42089.4,42055.8,42101.4
2.169,48198.2,44396.8,44747.2,48983.0,42252.2,42089.4,42055.8,42101.4
2.183,48198.2,44396.8,44747.2,48917.2,42252.2,42089.4,42055.8,42101.4
2.184,48198.2,44356.4,44747.2,48899.6,42252.2,42089.4,42055.8,42101.4
2.199,48198.2,44341.0,44747.2,48893.2,42252.2,42089.4,42055.8,42101.4
2.2,48198.2,44341.0,44747.2,48884.8,42252.2,42089.4,42055.8,42101.4
2.215,48198.2,44319.2,44734.8,48884.8,42252.2,42089.4,42055.8,42101.4
2.216,48198.2,44319.2,44734.8,48878.6,42252.2,42089.4,42055.8,42101.4
2.23,48198.2,44319.2,44732.2,48878.6,42252.2,42089.4,42055.8,42101.4
2.231,48198.2,44306.8,44718.8,48878.6,42252.2,42089.4,42055.8,42101.4
2.246,48198.2,44305.4,44713.2,48765.8,42252.2,42089.4,42055.8,42101.4
2.247,48198.2,44279.8,44713.2,48765.8,42252.2,42088.0,42055.8,42101.4
2.261,48198.2,44279.8,44713.2,48755.8,42252.2,42088.0,42055.8,42101.4
2.261,48198.2,44279.8,44713.2,48740.8,42252.2,42088.0,42055.8,42101.4
2.262,48198.2,44269.4,44713.2,48740.8,42252.2,42088.0,42055.8,42101.4
2.262,48198.2,44257.0,44713.2,48740.8,42252.2,42088.0,42055.8,42101.4
2.277,48198.2,44249.4,44713.2,48740.8,42252.2,42088.0,42055.8,42101.4
2.278,48198.2,44239.4,44712.4,48740.8,42252.2,42088.0,42055.8,42101.4
2.292,48198.2,44239.4,44712.4,48728.0,42252.2,42088.0,42055.8,42101.4
2.292,48198.2,44239.4,44712.4,48713.0,42252.2,42088.0,42055.8,42101.4
2.293,48198.2,44233.2,44712.4,48713.0,42252.2,42088.0,42055.8,42101.4
2.294,48198.2,44233.2,44712.4,48681.6,42252.2,42078.6,42055.8,42101.4
2.309,48198.2,44215.2,44707.8,48659.8,42252.2,42078.6,42055.8,42101.4
2.309,48198.2,44211.8,44707.8,48608.6,42252.2,42078.6,42055.8,42101.4
2.325,48198.2,44211.8,44707.8,48600.8,42252.2,42078.6,42055.8,42101.4
2.34,48198.2,44198.8,44690.4,48596.2,42251.6,42078.6,42055.8,42101.4
2.355,48198.2,44198.8,44683.4,48588.6,42251.6,42078.6,42055.8,42101.4
2.37,48198.2,44198.8,44683.4,48579.0,42251.6,42078.6,42055.8,42101.4
2.371,48198.2,44161.8,44660.4,48579.0,42251.6,42078.6,42055.8,42101.4
2.386,48198.2,44161.8,44660.4,48536.2,42251.6,42078.6,42055.8,42101.4
2.386,48198.2,44161.8,44660.4,48516.4,42251.6,42078.6,42055.8,42101.4
2.387,48198.2,44161.8,44610.4,48498.4,42251.6,42078.6,42055.8,42101.4
2.402,48198.2,44158.2,44610.4,48494.8,42251.6,42078.6,42055.8,42101.4
2.402,48198.2,44156.8,44610.4,48494.8,42251.6,42078.6,42055.8,42101.4
2.418,48198.2,44156.8,44609.8,48485.4,42251.6,42078.6,42055.8,42101.4
2.433,48198.2,44147.8,44609.8,48485.4,42251.6,42078.6,42055.8,42101.4
2.433,48198.2,44145.2,44609.8,48485.4,42251.6,42078.6,42055.8,42101.4
2.434,48198.2,44145.2,44605.2,48485.4,42251.6,42078.6,42055.8,42101.4
2.449,48198.2,44140.8,44603.0,48485.4,42251.6,42078.6,42055.8,42101.4
2.449,48198.2,44137.2,44603.0,48485.4,42251.6,42078.6,42055.8,42101.4
2.465,48198.2,44137.2,44573.8,48485.0,42251.6,42078.6,42055.8,42101.4
2.465,48198.2,44137.2,44573.8,48480.6,42251.6,42078.6,42055.8,42101.4
2.48,48198.2,44114.0,44573.4,48480.6,42251.6,42078.6,42055.8,42101.4
2.481,48198.2,44095.8,44569.0,48476.2,42251.6,42078.6,42055.8,42101.4
2.481,48198.2,44090.8,44569.0,48476.2,42251.6,42078.6,42055.8,42101.4
2.496,48198.2,44068.2,44569.0,48476.2,42251.6,42078.6,42055.8,42101.4
2.496,48198.2,44061.0,44569.0,48476.2,42251.6,42078.6,42055.8,42101.4
2.511,48198.2,44060.0,44569.0,48471.2,42251.6,42078.6,42055.8,42101.4
2.512,48198.2,44060.0,44569.0,48454.0,42251.6,42078.6,42055.8,42101.4
2.512,48198.2,44060.0,44569.0,48441.0,42251.6,42078.6,42055.8,42101.4
2.527,48198.2,44055.8,44569.0,48441.0,42251.6,42078.6,42055.8,42101.4
2.527,48198.2,44046.2,44569.0,48441.0,42251.6,42078.6,42055.8,42101.4
2.542,48198.2,44042.8,44569.0,48441.0,42251.6,42078.6,42055.8,42101.4
2.543,48198.2,44042.8,44569.0,48387.6,42251.6,42078.6,42055.8,42101.4
2.558,48198.2,44042.8,44545.6,48387.6,42251.6,42078.6,42055.8,42101.4
2.573,48198.2,44042.8,44545.6,48353.6,42251.6,42078.6,42055.8,42101.4
2.574,48198.2,44034.0,44545.6,48349.8,42251.6,42078.6,42055.8,42101.4
2.589,48198.2,44034.0,44545.6,48346.2,42251.6,42078.6,42055.8,42101.4
2.605,48198.2,44020.4,44541.4,48346.2,42251.6,42078.6,42055.8,42101.4
2.606,48198.2,44020.4,44541.4,48323.6,42251.6,42078.6,42055.8,42101.4
2.62,48198.2,44020.4,44541.4,48295.8,42251.6,42078.6,42055.8,42101.4
2.621,48198.2,44020.4,44504.6,48295.8,42251.6,42078.6,42055.8,42101.4
2.622,48198.2,44020.4,44504.6,48266.2,42251.6,42078.6,42055.8,42101.4
2.636,48198.2,43999.4,44504.6,48259.4,42251.6,42078.6,42055.8,42101.4
2.653,48198.2,43999.4,44504.6,48198.4,42251.6,42078.6,42055.8,42101.4
2.667,48198.2,43997.2,44504.6,48196.8,42251.6,42078.6,42055.8,42101.4
2.668,48198.2,43995.0,44504.6,48196.8,42251.6,42078.6,42055.8,42101.4
2.683,48198.2,43973.0,44504.6,48196.8,42251.6,42078.6,42055.8,42101.4
2.684,48198.2,43973.0,44504.6,48178.4,42251.6,42078.6,42055.8,42101.4
2.684,48198.2,43973.0,44504.6,48159.2,42251.6,42078.6,42055.8,42101.4
2.699,48198.2,43973.0,44504.6,48149.0,42251.6,42078.6,42055.8,42101.4
2.715,48198.2,43973.0,44504.6,48108.6,42251.6,42078.6,42055.8,42101.4
2.746,48198.2,43958.0,44504.6,48108.6,42251.6,42078.6,42055.8,42101.4
2.761,48198.2,43958.0,44497.2,48108.6,42251.6,42078.6,42055.8,42101.4
2.776,48198.2,43947.4,44497.2,48108.6,42251.6,42078.6,42055.8,42101.4
2.777,48198.2,43933.6,44472.2,48092.4,42251.6,42078.6,42055.8,42101.4
2.777,48198.2,43933.6,44464.8,48092.4,42251.6,42078.6,42055.8,42101.4
2.778,48198.2,43933.6,44464.8,48059.2,42251.6,42078.6,42055.8,42101.4
2.792,48198.2,43901.4,44464.8,48059.2,42251.6,42078.6,42055.8,42101.4
2.793,48198.2,43901.4,44439.8,48059.2,42251.6,42078.6,42055.8,42101.4
2.793,48198.2,43901.4,44436.4,48059.2,42251.6,42078.6,42055.8,42101.4
2.808,48198.2,43879.4,44423.4,48021.0,42251.6,42078.6,42055.8,42101.4
2.824,48198.2,43879.4,44423.4,48018.8,42251.6,42078.6,42055.8,42101.4
2.839,48198.2,43876.6,44423.4,48018.8,42251.6,42078.6,42055.8,42101.4
2.839,48198.2,43872.4,44423.4,48018.8,42251.6,42078.6,42055.8,42101.4
2.839,48198.2,43850.4,44423.4,48018.8,42251.6,42078.6,42055.8,42101.4
2.84,48198.2,43850.4,44423.4,47974.4,42251.6,42078.6,42055.8,42101.4
2.855,48198.2,43841.8,44405.0,47919.0,42251.6,42078.6,42055.8,42101.4
2.856,48198.2,43841.8,44405.0,47917.0,42251.6,42078.6,42055.8,42101.4
2.87,48198.2,43835.2,44405.0,47917.0,42251.6,42078.6,42055.8,42101.4
2.871,48198.2,43835.2,44405.0,47898.8,42238.8,42078.6,42055.8,42101.4
2.887,48198.2,43835.2,44405.0,47875.4,42238.8,42078.6,42055.8,42101.4
2.901,48198.2,43823.8,44405.0,47875.4,42238.8,42078.6,42055.8,42101.4
2.902,48198.2,43823.8,44405.0,47864.8,42238.8,42078.6,42055.8,42101.4
2.902,48198.2,43823.8,44405.0,47841.4,42238.8,42078.6,42055.8,42101.4
2.917,48198.2,43819.2,44398.6,47841.4,42238.8,42078.6,42055.8,42101.4
2.918,48198.2,43819.2,44398.6,47811.6,42238.8,42078.6,42055.8,42101.4
2.932,48198.2,43816.6,44398.6,47811.6,42238.8,42078.6,42055.8,42101.4
2.933,48198.2,43816.6,44398.6,47779.2,42238.8,42078.6,42055.8,42101.4
2.948,48198.2,43816.6,44398.6,47752.4,42238.8,42078.6,42055.8,42101.4
2.949,48198.2,43816.6,44398.6,47666.2,42238.8,42078.6,42055.8,42101.4
2.963,48198.2,43816.6,44398.6,47662.4,42238.8,42078.6,42055.8,42101.4
2.979,48198.2,43814.4,44386.2,47662.4,42238.8,42078.6,42055.8,42101.4
2.98,48198.2,43814.4,44373.8,47662.4,42238.8,42078.6,42055.8,42101.4
2.994,48198.2,43814.4,44373.8,47610.4,42238.8,42078.6,42055.8,42101.4
2.995,48198.2,43810.4,44373.8,47610.4,42238.8,42078.6,42055.8,42101.4
2.996,48198.2,43810.4,44373.8,47605.4,42238.8,42078.6,42055.8,42101.4
3.011,48198.2,43810.4,44373.8,47555.6,42238.8,42078.6,42055.8,42101.4
3.011,48198.2,43810.4,44373.8,47543.2,42238.8,42078.6,42055.8,42101.4
3.026,48198.2,43810.4,44373.8,47534.4,42238.8,42078.6,42055.8,42101.4
3.027,48198.2,43810.4,44369.0,47520.2,42238.8,42078.6,42055.8,42101.4
3.027,48198.2,43810.4,44360.6,47520.2,42238.8,42078.6,42055.8,42101.4
3.042,48198.2,43810.4,44345.8,47478.2,42238.8,42078.6,42055.8,42101.4
3.043,48198.2,43810.4,44345.8,47465.4,42238.8,42078.6,42055.8,42101.4
3.058,48198.2,43810.4,44345.8,47451.6,42238.8,42078.6,42055.8,42101.4
3.073,48198.2,43800.2,44332.0,47451.6,42238.8,42078.6,42055.8,42101.4
3.074,48198.2,43800.2,44332.0,47449.8,42238.8,42078.6,42055.8,42101.4
3.104,48198.2,43797.6,44332.0,47449.8,42238.8,42078.6,42055.8,42101.4
3.104,48198.2,43795.4,44332.0,47449.8,42238.8,42078.6,42055.8,42101.4
3.12,48198.2,43776.8,44332.0,47449.8,42238.8,42078.6,42055.8,42101.4
3.135,48198.2,43769.6,44332.0,47449.8,42238.8,42078.6,42055.8,42101.4
3.135,48198.2,43743.2,44332.0,47449.8,42238.8,42078.6,42055.8,42101.4
3.136,48198.2,43727.8,44293.0,47449.8,42238.8,42078.6,42055.8,42101.4
3.136,48198.2,43727.8,44274.6,47449.8,42238.8,42078.6,42055.8,42101.4
3.152,48198.2,43727.8,44274.6,47425.0,42238.8,42078.6,42055.8,42101.4
3.167,48198.2,43727.8,44249.2,47390.0,42238.8,42078.6,42055.8,42101.4
3.198,48198.2,43724.6,44249.2,47390.0,42238.8,42078.6,42055.8,42101.4
3.213,48198.2,43721.6,44249.2,47390.0,42238.8,42078.6,42055.8,42101.4
3.228,48198.2,43721.6,44249.2,47386.8,42238.8,42078.6,42055.8,42101.4
3.245,48198.2,43709.8,44249.2,47372.2,42238.8,42078.6,42055.8,42101.4
3.26,48198.2,43709.8,44249.0,47372.2,42225.2,42078.6,42055.8,42101.4
3.275,48198.2,43709.8,44249.0,47357.6,42225.2,42078.6,42055.8,42101.4
3.276,48198.2,43703.8,44244.2,47357.6,42225.2,42078.6,42055.8,42101.4
3.291,48198.2,43688.8,44244.2,47357.6,42225.2,42078.6,42055.8,42101.4
3.292,48198.2,43683.8,44244.2,47339.4,42225.2,42078.6,42055.8,42101.4
3.323,48198.2,43674.2,44244.2,47332.4,42225.2,42078.6,42055.8,42101.4
3.338,48198.2,43668.4,44244.2,47332.4,42225.2,42078.6,42055.8,42101.4
3.339,48198.2,43668.4,44244.2,47318.8,42225.2,42078.6,42055.8,42101.4
3.353,48198.2,43668.4,44244.2,47295.8,42225.2,42078.6,42055.8,42101.4
3.353,48198.2,43668.4,44244.2,47280.0,42225.2,42078.6,42055.8,42101.4
3.369,48198.2,43662.8,44244.2,47280.0,42225.2,42078.6,42055.8,42101.4
3.37,48198.2,43662.8,44244.2,47231.6,42225.2,42078.6,42055.8,42101.4
3.37,48198.2,43662.8,44244.2,47220.2,42225.2,42078.6,42055.8,42101.4
3.4,48198.2,43657.8,44244.2,47220.2,42225.2,42078.6,42055.8,42101.4
3.417,48198.2,43655.2,44244.2,47134.4,42225.2,42078.6,42055.8,42101.4
3.431,48198.2,43655.2,44244.2,47125.4,42225.2,42078.6,42055.8,42101.4
3.432,48198.2,43655.2,44242.4,47125.4,42225.2,42078.6,42055.8,42101.4
3.432,48198.2,43655.2,44217.8,47125.4,42225.2,42078.6,42055.8,42101.4
3.448,48198.2,43655.2,44217.8,47117.0,42225.2,42078.6,42055.8,42101.4
3.448,48198.2,43655.2,44217.8,47103.4,42225.2,42078.6,42055.8,42101.4
3.479,48198.2,43637.0,44204.8,47081.2,42225.2,42078.6,42055.8,42101.4
3.54,48198.2,43637.0,44204.8,47065.4,42225.2,42078.6,42055.8,42101.4
3.541,48198.2,43637.0,44180.6,47065.4,42225.2,42078.6,42055.8,42101.4
3.572,48198.2,43637.0,44180.6,47039.0,42225.2,42078.6,42055.8,42101.4
3.573,48198.2,43629.6,44178.4,47025.2,42225.2,42078.6,42055.8,42101.4
3.588,48198.2,43617.8,44153.4,47025.2,42225.2,42078.6,42055.8,42101.4
3.603,48198.2,43617.8,44153.4,47019.4,42225.2,42078.6,42055.8,42101.4
3.604,48198.2,43617.8,44153.4,47004.4,42225.2,42078.6,42055.8,42101.4
3.619,48198.2,43601.8,44141.4,47004.4,42225.2,42078.6,42055.8,42101.4
3.62,48198.2,43601.8,44141.4,46936.6,42225.2,42078.6,42055.8,42101.4
3.634,48198.2,43601.8,44141.4,46924.2,42225.2,42078.6,42055.8,42101.4
3.636,48198.2,43601.8,44141.4,46911.0,42225.2,42078.6,42055.8,42101.4
3.65,48198.2,43586.2,44141.4,46911.0,42225.2,42078.6,42055.8,42101.4
3.666,48198.2,43586.2,44141.4,46882.0,42225.2,42078.6,42055.8,42101.4
3.667,48198.2,43586.2,44141.4,46874.0,42225.2,42078.6,42055.8,42101.4
3.667,48198.2,43586.2,44141.4,46870.2,42225.2,42078.6,42055.8,42101.4
3.697,48198.2,43577.6,44141.4,46870.2,42225.2,42078.6,42055.8,42101.4
3.743,48198.2,43577.6,44141.4,46868.0,42225.2,42078.6,42055.8,42101.4
3.744,48198.2,43577.6,44121.8,46847.2,42225.2,42078.6,42055.8,42101.4
3.76,48198.2,43574.8,44121.8,46847.2,42225.2,42078.6,42055.8,42101.4
3.775,48198.2,43573.0,44121.8,46847.2,42225.2,42078.6,42055.8,42101.4
3.791,48198.2,43573.0,44116.4,46827.6,42225.2,42078.6,42055.8,42101.4
3.806,48198.2,43573.0,44116.4,46825.4,42225.2,42078.6,42055.8,42101.4
3.807,48198.2,43573.0,44114.0,46825.4,42225.2,42078.6,42055.8,42101.4
3.838,48198.2,43573.0,44114.0,46825.4,42206.8,42078.6,42055.8,42101.4
3.853,48198.2,43573.0,44106.0,46825.4,42206.8,42078.6,42055.8,42101.4
3.854,48198.2,43573.0,44106.0,46771.8,42206.8,42078.6,42055.8,42101.4
3.854,48198.2,43573.0,44106.0,46758.6,42206.8,42078.6,42055.8,42101.4
3.868,48198.2,43573.0,44106.0,46747.8,42206.8,42078.6,42055.8,42101.4
3.9,48198.2,43573.0,44106.0,46732.4,42206.8,42078.6,42055.8,42101.4
3.915,48198.2,43573.0,44106.0,46727.8,42206.8,42078.6,42055.8,42101.4
3.978,48198.2,43573.0,44106.0,46707.6,42206.8,42078.6,42055.8,42101.4
3.993,48198.2,43566.0,44106.0,46707.6,42206.8,42078.6,42055.8,42101.4
3.994,48198.2,43566.0,44106.0,46701.0,42206.8,42078.6,42055.8,42101.4
4.009,48198.2,43560.0,44106.0,46701.0,42206.8,42078.6,42055.8,42101.4
4.025,48198.2,43560.0,44104.4,46701.0,42206.8,42078.6,42055.8,42101.4
4.041,48198.2,43560.0,44104.4,46690.4,42206.8,42078.6,42055.8,42101.4
4.056,48198.2,43549.0,44104.4,46682.0,42206.8,42078.6,42055.8,42101.4
4.087,48198.2,43549.0,44100.6,46682.0,42206.8,42078.6,42055.8,42101.4
4.088,48198.2,43549.0,44100.6,46680.0,42206.8,42078.6,42055.8,42101.4
4.118,48198.2,43549.0,44079.4,46680.0,42206.8,42078.6,42055.8,42101.4
4.134,48198.2,43549.0,44069.4,46680.0,42206.8,42078.6,42055.8,42101.4
4.135,48198.2,43549.0,44069.4,46677.6,42206.8,42078.6,42055.8,42101.4
4.135,48198.2,43549.0,44069.4,46660.0,42206.8,42078.6,42055.8,42101.4
4.197,48198.2,43549.0,44069.4,46657.4,42206.8,42078.6,42055.8,42101.4
4.212,48198.2,43548.8,44069.4,46657.4,42206.8,42078.6,42055.8,42101.4
4.228,48198.2,43548.8,44061.2,46657.4,42206.8,42078.6,42055.8,42101.4
4.243,48198.2,43547.0,44061.2,46643.8,42206.8,42078.6,42055.8,42101.4
4.259,48198.2,43547.0,44048.2,46643.8,42206.8,42078.6,42055.8,42101.4
4.274,48198.2,43547.0,44048.2,46619.6,42206.8,42078.6,42055.8,42101.4
4.275,48198.2,43547.0,44038.2,46619.6,42206.8,42078.6,42055.8,42101.4
4.29,48198.2,43547.0,44035.2,46593.8,42206.8,42078.6,42055.8,42101.4
4.321,48198.2,43547.0,44035.2,46575.4,42206.8,42078.6,42055.8,42101.4
4.352,48198.2,43547.0,44026.8,46575.4,42206.8,42078.6,42055.8,42101.4
4.368,48198.2,43547.0,44020.6,46575.4,42206.8,42078.6,42055.8,42101.4
4.383,48198.2,43547.0,44020.6,46567.2,42206.8,42078.6,42055.8,42101.4
4.399,48198.2,43545.4,44020.6,46567.2,42206.8,42078.6,42055.8,42101.4
4.414,48198.2,43542.6,44020.6,46567.2,42206.8,42078.6,42055.8,42101.4
4.415,48198.2,43511.0,44010.6,46548.4,42206.8,42078.6,42055.8,42101.4
4.415,48198.2,43511.0,44010.6,46535.4,42206.8,42078.6,42055.8,42101.4
4.43,48198.2,43506.6,44010.6,46535.4,42206.8,42078.6,42055.8,42101.4
4.461,48198.2,43498.8,44010.6,46535.4,42206.8,42078.6,42055.8,42101.4
4.477,48198.2,43476.4,44009.8,46535.4,42206.8,42078.6,42055.8,42101.4
4.478,48198.2,43476.4,44009.8,46534.8,42206.8,42078.6,42055.8,42101.4
4.508,48198.2,43473.8,44009.8,46534.8,42206.8,42078.6,42055.8,42101.4
4.539,48198.2,43473.8,44009.8,46527.0,42191.6,42078.6,42055.8,42101.4
4.571,48182.0,43473.8,44009.8,46521.4,42191.6,42078.6,42055.8,42101.4
4.586,48182.0,43471.0,44009.8,46521.4,42191.6,42078.6,42055.8,42101.4
4.602,48182.0,43465.4,44009.8,46521.4,42191.6,42078.6,42055.8,42101.4
4.617,48182.0,43464.4,44009.8,46510.6,42191.6,42078.6,42055.8,42101.4
4.633,48182.0,43461.6,44009.8,46510.6,42191.6,42078.6,42055.8,42101.4
4.681,48182.0,43461.6,44009.8,46509.4,42191.6,42078.6,42055.8,42101.4
4.696,48182.0,43461.6,44006.0,46503.2,42191.6,42078.6,42055.8,42101.4
4.711,48182.0,43461.2,43997.4,46501.0,42191.6,42078.6,42055.8,42101.4
4.727,48182.0,43461.2,43995.8,46501.0,42191.6,42078.6,42055.8,42101.4
4.728,48182.0,43461.2,43995.8,46491.6,42191.6,42078.6,42055.8,42101.4
4.774,48182.0,43461.2,43987.4,46491.6,42191.6,42078.6,42055.8,42101.4
4.79,48182.0,43461.2,43987.4,46477.8,42191.6,42078.6,42055.8,42101.4
4.805,48182.0,43461.2,43987.4,46474.0,42191.6,42078.6,42055.8,42101.4
4.82,48182.0,43456.4,43987.4,46474.0,42191.6,42078.6,42055.8,42101.4
4.821,48182.0,43456.4,43987.4,46468.2,42191.6,42078.6,42055.8,42101.4
4.851,48182.0,43453.8,43987.4,46448.2,42191.6,42078.6,42055.8,42101.4
4.868,48182.0,43453.8,43987.4,46437.8,42191.6,42078.6,42055.8,42101.4
4.883,48182.0,43453.8,43986.0,46423.6,42191.6,42078.6,42055.8,42101.4
4.914,48182.0,43453.8,43977.2,46423.6,42191.6,42078.6,42055.8,42101.4
4.93,48182.0,43453.8,43977.2,46411.4,42191.6,42078.6,42055.8,42101.4
4.945,48182.0,43453.8,43973.6,46399.0,42191.6,42078.6,42055.8,42101.4
4.961,47945.2,43453.8,43973.6,46396.2,42191.6,42078.6,42055.8,42101.4
4.992,47945.2,43453.8,43971.4,46396.2,42186.6,42078.6,42055.8,42101.4
5.008,47945.2,43453.8,43971.4,46367.8,42186.6,42078.6,42055.8,42101.4
5.023,47945.2,43453.8,43956.0,46367.8,42186.6,42078.6,42055.8,42101.4
5.024,47945.2,43453.8,43956.0,46364.0,42186.6,42078.6,42055.8,42101.4
5.039,47945.2,43453.8,43956.0,46360.2,42186.6,42078.6,42055.8,42101.4
5.07,47945.2,43453.8,43956.0,46359.6,42186.6,42078.6,42055.8,42101.4
5.102,47945.2,43453.8,43951.2,46359.6,42186.6,42078.6,42055.8,42101.4
5.116,47945.2,43446.8,43951.2,46359.6,42186.6,42078.6,42055.8,42101.4
5.132,47945.2,43438.6,43951.2,46359.6,42186.6,42078.6,42055.8,42101.4
5.132,47945.2,43434.4,43951.2,46359.6,42186.6,42078.6,42055.8,42101.4
5.133,47945.2,43434.4,43951.2,46352.4,42186.6,42078.6,42055.8,42101.4
5.148,47945.2,43434.4,43950.2,46351.0,42186.6,42078.6,42055.8,42101.4
5.195,47945.2,43434.4,43942.6,46341.2,42186.6,42078.6,42055.8,42101.4
5.195,47945.2,43434.4,43942.6,46341.0,42186.6,42078.6,42055.8,42101.4
5.226,47945.2,43434.4,43937.6,46328.6,42186.6,42078.6,42055.8,42101.4
5.242,47945.2,43434.4,43924.0,46328.6,42186.6,42078.6,42055.8,42101.4
5.242,47945.2,43434.4,43919.0,46328.6,42186.6,42078.6,42055.8,42101.4
5.257,47945.2,43434.4,43914.0,46328.6,42186.6,42078.6,42055.8,42101.4
5.258,47945.2,43434.4,43914.0,46327.0,42186.6,42078.6,42055.8,42101.4
5.32,47945.2,43434.4,43909.4,46327.0,42186.6,42078.6,42055.8,42101.4
5.335,47945.2,43431.8,43909.4,46327.0,42186.6,42078.6,42055.8,42101.4
5.366,47945.2,43431.8,43897.8,46327.0,42186.6,42078.6,42055.8,42101.4
5.367,47945.2,43431.8,43897.8,46303.2,42186.6,42078.6,42055.8,42101.4
5.382,47945.2,43431.8,43889.4,46294.6,42186.6,42078.6,42055.8,42101.4
5.398,47945.2,43431.8,43889.4,46293.8,42186.6,42078.6,42055.8,42101.4
5.413,47945.2,43424.4,43889.4,46293.8,42186.6,42078.6,42055.8,42101.4
5.429,47945.2,43424.4,43889.4,46276.8,42186.6,42078.6,42055.8,42101.4
5.46,47945.2,43424.4,43889.4,46272.4,42186.6,42078.6,42055.8,42101.4
5.507,47945.2,43399.6,43889.4,46260.0,42186.6,42078.6,42055.8,42101.4
5.538,47945.2,43399.6,43887.0,46260.0,42186.6,42078.6,42055.8,42101.4
5.554,47945.2,43399.6,43887.0,46254.6,42186.6,42078.6,42055.8,42101.4
5.554,47945.2,43399.6,43887.0,46249.8,42186.6,42078.6,42055.8,42101.4
5.569,47945.2,43382.6,43887.0,46249.8,42186.6,42078.6,42055.8,42101.4
5.585,47945.2,43363.8,43887.0,46247.4,42186.6,42078.6,42055.8,42101.4
5.632,47945.2,43347.0,43887.0,46247.4,42186.6,42078.6,42055.8,42101.4
5.663,47945.2,43347.0,43887.0,46244.8,42186.6,42078.6,42055.8,42101.4
5.678,47945.2,43347.0,43887.0,46240.6,42186.6,42078.6,42055.8,42101.4
5.694,47945.2,43343.2,43887.0,46240.6,42186.6,42078.6,42055.8,42101.4
5.709,47945.2,43332.6,43887.0,46240.6,42186.6,42078.6,42055.8,42101.4
5.71,47945.2,43332.6,43887.0,46218.8,42186.6,42078.6,42055.8,42101.4
5.71,47945.2,43332.6,43887.0,46216.6,42186.6,42078.6,42055.8,42101.4
5.725,47945.2,43332.6,43887.0,46216.6,42183.8,42078.6,42055.8,42101.4
5.741,47945.2,43330.4,43887.0,46216.6,42183.8,42078.6,42055.8,42101.4
5.741,47945.2,43323.6,43887.0,46216.6,42183.8,42078.6,42055.8,42101.4
5.803,47945.2,43317.2,43884.2,46216.6,42183.8,42078.6,42055.8,42101.4
5.804,47945.2,43317.2,43884.2,46140.2,42183.8,42078.6,42055.8,42101.4
5.819,47945.2,43317.2,43880.6,46140.2,42183.8,42078.6,42055.8,42101.4
5.866,47945.2,43317.2,43878.2,46123.0,42183.8,42078.6,42055.8,42101.4
5.881,47945.2,43311.2,43866.0,46123.0,42183.8,42078.6,42055.8,42101.4
5.897,47945.2,43311.2,43864.6,46123.0,42183.8,42078.6,42055.8,42101.4
5.928,47945.2,43305.6,43864.6,46123.0,42183.8,42078.6,42055.8,42101.4
5.943,47945.2,43303.4,43864.6,46123.0,42183.8,42078.6,42055.8,42101.4
5.944,47945.2,43303.4,43864.6,46091.2,42183.8,42078.6,42055.8,42101.4
5.959,47945.2,43303.4,43851.6,46091.2,42183.8,42078.6,42055.8,42101.4
5.975,47945.2,43303.4,43850.0,46091.2,42183.8,42078.6,42055.8,42101.4
5.99,47945.2,43298.8,43850.0,46091.2,42183.8,42078.6,42055.8,42101.4
5.991,47945.2,43298.8,43850.0,46071.6,42183.8,42078.6,42055.8,42101.4
5.991,47945.2,43298.8,43850.0,46047.4,42183.8,42078.6,42055.8,42101.4
6.007,47945.2,43298.8,43850.0,46019.0,42183.8,42078.6,42055.8,42101.4
6.022,47945.2,43298.8,43850.0,45991.0,42183.8,42078.6,42055.8,42101.4
6.037,47945.2,43288.6,43850.0,45991.0,42183.8,42078.6,42055.8,42101.4
6.037,47945.2,43287.4,43850.0,45991.0,42183.8,42078.6,42055.8,42101.4
6.053,47945.2,43281.8,43850.0,45991.0,42183.8,42078.6,42055.8,42101.4
6.085,47945.2,43281.8,43850.0,45986.2,42183.8,42078.6,42055.8,42101.4
6.131,47945.2,43280.2,43841.4,45986.2,42183.8,42078.6,42055.8,42101.4
6.194,47945.2,43280.2,43841.4,45950.0,42183.8,42078.6,42055.8,42101.4
6.209,47945.2,43280.2,43841.4,45948.4,42183.8,42078.6,42055.8,42101.4
6.21,47945.2,43280.2,43841.4,45935.4,42183.8,42078.6,42055.8,42101.4
6.24,47945.2,43280.2,43841.4,45922.4,42183.8,42078.6,42055.8,42101.4
6.24,47945.2,43280.2,43841.4,45910.0,42183.8,42078.6,42055.8,42101.4
6.255,47945.2,43280.2,43831.4,45910.0,42183.8,42078.6,42055.8,42101.4
6.271,47945.2,43269.0,43831.4,45910.0,42183.8,42078.6,42055.8,42101.4
6.349,47945.2,43267.6,43831.4,45910.0,42183.8,42078.6,42055.8,42101.4
6.365,47945.2,43267.6,43831.4,45906.6,42183.8,42078.6,42055.8,42101.4
6.38,47945.2,43264.2,43831.4,45906.6,42183.8,42078.6,42055.8,42101.4
6.381,47945.2,43264.2,43831.4,45904.8,42183.8,42078.6,42055.8,42101.4
6.396,47945.2,43261.6,43831.4,45904.8,42183.8,42078.6,42055.8,42101.4
6.428,47945.2,43261.6,43831.4,45902.2,42183.8,42078.6,42055.8,42101.4
6.443,47945.2,43261.6,43831.4,45900.6,42183.8,42078.6,42055.8,42101.4
6.458,47945.2,43261.6,43831.4,45886.8,42183.8,42078.6,42055.8,42101.4
6.458,47945.2,43261.6,43831.4,45885.4,42183.8,42078.6,42055.8,42101.4
6.459,47945.2,43261.6,43831.4,45884.2,42183.8,42078.6,42055.8,42101.4
6.474,47945.2,43261.6,43831.4,45860.4,42183.8,42078.6,42055.8,42101.4
6.489,47945.2,43261.6,43831.4,45854.0,42183.8,42078.6,42055.8,42101.4
6.49,47945.2,43261.6,43805.6,45854.0,42183.8,42078.6,42055.8,42101.4
6.521,47945.2,43261.6,43805.6,45847.4,42183.8,42078.6,42055.8,42101.4
6.536,47945.2,43250.0,43805.6,45847.4,42183.8,42078.6,42055.8,42101.4
6.537,47945.2,43250.0,43805.6,45832.8,42183.8,42078.6,42055.8,42101.4
6.567,47945.2,43250.0,43805.6,45814.2,42183.8,42078.6,42055.8,42101.4
6.568,47945.2,43250.0,43805.6,45784.6,42183.8,42078.6,42055.8,42101.4
6.584,47945.2,43250.0,43805.6,45775.2,42183.8,42078.6,42055.8,42101.4
6.599,47868.0,43250.0,43805.6,45775.2,42183.8,42078.6,42055.8,42101.4
6.645,47868.0,43250.0,43805.6,45773.0,42183.8,42078.6,42055.8,42101.4
6.646,47868.0,43250.0,43797.2,45773.0,42183.8,42078.6,42055.8,42101.4
6.693,47868.0,43250.0,43797.2,45764.6,42183.8,42078.6,42055.8,42101.4
6.739,47868.0,43250.0,43791.8,45764.6,42183.8,42078.6,42055.8,42101.4
6.786,47868.0,43250.0,43789.4,45764.6,42183.8,42078.6,42055.8,42101.4
6.801,47868.0,43250.0,43789.4,45748.8,42183.8,42078.6,42055.8,42101.4
6.817,47868.0,43250.0,43789.4,45735.0,42183.8,42078.6,42055.8,42101.4
6.833,47868.0,43250.0,43789.4,45724.0,42183.8,42078.6,42055.8,42101.4
6.88,47868.0,43250.0,43789.4,45706.4,42183.8,42078.6,42055.8,42101.4
6.896,47868.0,43250.0,43789.4,45692.6,42183.8,42078.6,42055.8,42101.4
6.911,47741.4,43250.0,43789.4,45692.6,42183.8,42078.6,42055.8,42101.4
6.926,47741.4,43250.0,43789.0,45692.6,42183.8,42078.6,42055.8,42101.4
6.942,47741.4,43250.0,43786.8,45684.2,42183.8,42078.6,42055.8,42101.4
6.958,47741.4,43250.0,43786.8,45678.8,42183.8,42078.6,42055.8,42101.4
7.035,47741.4,43250.0,43786.8,45655.6,42183.8,42078.6,42055.8,42101.4
7.036,47741.4,43250.0,43782.4,45655.6,42183.8,42078.6,42055.8,42101.4
7.052,47741.4,43250.0,43782.4,45647.4,42183.8,42078.6,42055.8,42101.4
7.066,47741.4,43250.0,43782.4,45617.8,42183.8,42078.6,42055.8,42101.4
7.098,47741.4,43250.0,43782.4,45617.8,42183.0,42078.6,42055.8,42101.4
7.13,47741.4,43250.0,43782.4,45614.4,42183.0,42078.6,42055.8,42101.4
7.144,47741.4,43244.0,43782.4,45614.4,42183.0,42078.6,42055.8,42101.4
7.145,47741.4,43244.0,43782.4,45604.2,42183.0,42078.6,42055.8,42101.4
7.176,47741.4,43244.0,43782.4,45604.2,42181.2,42078.6,42055.8,42101.4
7.192,47741.4,43244.0,43782.4,45604.2,42180.4,42078.6,42055.8,42101.4
7.207,47741.4,43233.4,43782.4,45604.2,42180.4,42078.6,42055.8,42101.4
7.208,47741.4,43233.4,43782.4,45596.4,42180.4,42078.6,42055.8,42101.4
7.238,47741.4,43233.4,43782.4,45586.6,42180.4,42078.6,42055.8,42101.4
7.269,47741.4,43233.4,43775.0,45586.6,42180.4,42078.6,42055.8,42101.4
7.285,47741.4,43233.4,43775.0,45584.4,42180.4,42078.6,42055.8,42101.4
7.3,47741.4,43218.2,43775.0,45584.4,42180.4,42078.6,42055.8,42101.4
7.301,47741.4,43213.6,43775.0,45584.4,42180.4,42078.6,42055.8,42101.4
7.316,47741.4,43211.6,43762.6,45584.4,42180.4,42078.6,42055.8,42101.4
7.332,47741.4,43204.6,43762.6,45584.4,42180.4,42078.6,42055.8,42101.4
7.347,47741.4,43202.4,43762.6,45584.4,42180.4,42078.6,42055.8,42101.4
7.442,47741.4,43202.4,43762.6,45578.8,42180.4,42078.6,42055.8,42101.4
7.456,47741.4,43202.4,43762.6,45576.4,42180.4,42078.6,42055.8,42101.4
7.457,47741.4,43202.4,43762.6,45571.4,42180.4,42078.6,42055.8,42101.4
7.473,47741.4,43202.4,43762.6,45568.2,42180.4,42078.6,42055.8,42101.4
7.519,47741.4,43188.0,43762.6,45568.2,42180.4,42078.6,42055.8,42101.4
7.597,47741.4,43188.0,43762.6,45565.8,42180.4,42078.6,42055.8,42101.4
7.628,47741.4,43188.0,43762.6,45549.8,42180.4,42078.6,42055.8,42101.4
7.691,47741.4,43188.0,43762.6,45549.8,42180.4,42078.6,42054.6,42101.4
7.706,47741.4,43188.0,43752.6,45549.8,42180.4,42078.6,42054.6,42101.4
7.707,47741.4,43178.6,43752.6,45549.8,42180.4,42078.6,42054.6,42101.4
7.722,47741.4,43178.6,43752.6,45540.8,42180.4,42078.6,42054.6,42101.4
7.737,47741.4,43178.6,43752.6,45531.4,42180.4,42078.6,42054.6,42101.4
7.753,47741.4,43178.6,43752.6,45519.4,42180.4,42078.6,42051.8,42101.4
7.768,47741.4,43178.6,43752.6,45502.0,42180.4,42078.6,42051.8,42101.4
7.769,47741.4,43178.6,43752.6,45487.6,42180.4,42078.6,42051.8,42101.4
7.8,47741.4,43172.4,43746.6,45487.6,42180.4,42078.6,42051.8,42101.4
7.801,47741.4,43172.4,43746.6,45484.4,42180.4,42078.6,42051.8,42101.4
7.815,47741.4,43172.4,43746.6,45466.8,42180.4,42078.6,42051.8,42101.4
7.831,47741.4,43172.4,43744.0,45466.8,42180.4,42078.6,42051.8,42101.4
7.878,47741.4,43172.4,43744.0,45456.2,42180.4,42078.6,42051.8,42101.4
7.909,47741.4,43172.4,43744.0,45456.0,42180.4,42078.6,42051.8,42101.4
7.91,47741.4,43172.4,43744.0,45454.2,42180.4,42078.6,42051.8,42101.4
7.972,47741.4,43172.4,43744.0,45451.0,42180.4,42078.6,42051.8,42101.4
7.987,47741.4,43170.2,43744.0,45450.8,42180.4,42078.6,42051.8,42101.4
8.019,47741.4,43170.2,43744.0,45446.2,42180.4,42078.6,42051.8,42101.4
8.065,47741.4,43170.2,43744.0,45431.8,42180.4,42078.6,42051.8,42101.4
8.081,47741.4,43170.2,43744.0,45414.6,42180.4,42078.6,42051.8,42101.4
8.097,47741.4,43170.2,43744.0,45394.0,42180.4,42078.6,42051.8,42101.4
8.159,47741.4,43170.2,43744.0,45388.6,42180.4,42078.6,42051.8,42101.4
8.283,47741.4,43170.2,43744.0,45376.4,42180.4,42078.6,42051.8,42101.4
8.314,47741.4,43167.6,43744.0,45376.4,42180.4,42078.6,42051.8,42101.4
8.347,47741.4,43167.6,43744.0,45355.8,42180.4,42078.6,42051.8,42101.4
8.455,47741.4,43167.6,43744.0,45355.4,42180.4,42078.6,42051.8,42101.4
8.502,47741.4,43167.6,43744.0,45331.6,42180.4,42078.6,42051.8,42101.4
8.518,47741.4,43167.6,43742.0,45323.8,42180.4,42078.6,42051.8,42101.4
8.533,47741.4,43167.6,43742.0,45323.8,42180.4,42075.8,42051.8,42101.4
8.549,47741.4,43167.6,43742.0,45321.2,42180.4,42075.8,42051.8,42101.4
8.565,47741.4,43167.6,43742.0,45321.2,42180.4,42075.6,42051.8,42101.4
8.595,47741.4,43156.8,43742.0,45321.2,42180.4,42075.6,42051.8,42101.4
8.752,47741.4,43155.6,43742.0,45321.2,42180.4,42075.6,42051.8,42101.4
8.767,47741.4,43155.6,43742.0,45309.0,42180.4,42075.6,42051.8,42101.4
8.768,47741.4,43155.6,43742.0,45285.0,42180.4,42075.6,42051.8,42101.4
8.783,47741.4,43155.6,43742.0,45262.0,42180.4,42075.6,42051.8,42101.4
8.799,47741.4,43155.6,43742.0,45262.0,42180.4,42074.4,42051.8,42101.4
8.829,47741.4,43155.6,43742.0,45250.8,42180.4,42074.4,42051.8,42101.4
8.83,47741.4,43155.6,43742.0,45250.8,42180.4,42070.0,42051.8,42101.4
8.861,47741.4,43155.6,43742.0,45250.8,42180.4,42064.2,42051.8,42101.4
8.892,47741.4,43148.2,43742.0,45250.8,42180.4,42064.2,42051.8,42101.4
8.893,47741.4,43148.2,43742.0,45245.8,42180.4,42064.2,42051.8,42101.4
8.907,47741.4,43148.2,43742.0,45240.6,42180.4,42064.2,42051.8,42101.4
8.908,47741.4,43148.2,43742.0,45240.6,42180.4,42062.6,42051.8,42101.4
8.923,47741.4,43148.2,43742.0,45240.6,42180.4,42051.8,42051.8,42101.4
8.954,47741.4,43148.2,43726.6,45240.6,42180.4,42051.8,42051.8,42101.4
8.985,47741.4,43148.2,43681.2,45232.6,42180.4,42051.8,42051.8,42101.4
9.001,47741.4,43148.2,43681.2,45226.8,42180.4,42051.8,42051.8,42101.4
9.032,47741.4,43148.2,43676.4,45226.8,42180.4,42051.8,42051.8,42101.4
9.033,47741.4,43148.2,43676.4,45226.8,42174.6,42051.8,42051.8,42101.4
9.048,47741.4,43148.2,43674.2,45209.2,42174.6,42051.8,42051.8,42101.4
9.079,47741.4,43148.2,43674.2,45194.2,42174.6,42051.8,42051.8,42101.4
9.11,47741.4,43148.2,43674.2,45191.0,42174.6,42051.8,42051.8,42101.4
9.173,47741.4,43148.2,43674.2,45190.2,42174.6,42051.8,42051.8,42101.4
9.188,47741.4,43148.2,43668.2,45179.8,42174.6,42051.8,42051.8,42101.4
9.266,47741.4,43143.0,43668.2,45162.4,42174.6,42051.8,42051.8,42101.4
9.282,47741.4,43132.6,43658.8,45156.8,42174.6,42051.8,42051.8,42101.4
9.406,47741.4,43122.6,43658.8,45156.8,42174.6,42051.8,42051.8,42101.4
9.407,47741.4,43122.6,43658.8,45149.4,42174.6,42051.8,42051.8,42101.4
9.438,47741.4,43122.6,43658.8,45138.2,42174.6,42051.8,42051.8,42101.4
9.453,47741.4,43122.6,43658.8,45138.2,42174.6,42051.8,42049.8,42101.4
9.485,47741.4,43122.6,43658.8,45123.8,42174.6,42051.8,42049.8,42101.4
9.516,47741.4,43122.6,43658.8,45113.8,42174.6,42051.8,42049.8,42101.4
9.516,47741.4,43122.6,43658.8,45108.8,42174.6,42051.8,42049.8,42101.4
9.531,47741.4,43122.6,43658.8,45108.4,42174.6,42051.8,42049.8,42101.4
9.578,47741.4,43122.6,43658.8,45108.4,42174.6,42051.8,42045.6,42101.4
9.641,47741.4,43122.6,43658.8,45108.4,42162.4,42051.8,42045.6,42101.4
9.656,47741.4,43122.6,43648.4,45108.4,42162.4,42051.8,42045.6,42101.4
9.688,47741.4,43107.0,43648.4,45108.4,42162.4,42051.8,42045.6,42101.4
9.703,47741.4,43107.0,43648.4,45102.4,42162.4,42051.8,42045.6,42101.4
9.704,47741.4,43107.0,43648.4,45079.4,42162.4,42051.8,42045.6,42101.4
9.718,47741.4,43107.0,43648.4,45079.4,42162.4,42051.8,42041.4,42101.4
9.75,47741.4,43107.0,43648.4,45073.4,42162.4,42051.8,42041.4,42101.4
9.765,47741.4,43107.0,43635.4,45073.4,42162.4,42051.8,42041.4,42101.4
9.781,47741.4,43107.0,43611.4,45073.4,42162.4,42051.8,42041.4,42101.4
9.796,47741.4,43107.0,43611.4,45061.8,42162.4,42051.8,42041.4,42101.4
9.797,47741.4,43107.0,43606.6,45061.8,42162.4,42051.8,42041.4,42101.4
9.813,47741.4,43107.0,43606.6,45059.8,42162.4,42051.8,42041.4,42101.4
9.813,47741.4,43107.0,43606.6,45023.6,42162.4,42051.8,42041.4,42101.4
9.89,47741.4,43107.0,43606.6,45005.8,42162.4,42051.8,42041.4,42101.4
9.984,47741.4,43107.0,43606.6,45005.8,42162.4,42051.8,42029.0,42101.4
9.999,47741.4,43107.0,43606.6,45001.4,42162.4,42051.8,42029.0,42101.4
10.062,47741.4,43107.0,43606.6,44992.0,42162.4,42051.8,42029.0,42101.4
10.203,47741.4,43107.0,43606.6,44992.0,42160.0,42051.8,42029.0,42101.4
10.218,47741.4,43097.2,43606.6,44992.0,42160.0,42051.8,42029.0,42101.4
10.342,47741.4,43097.2,43606.6,44989.8,42160.0,42051.8,42029.0,42101.4
10.453,47741.4,43097.2,43606.6,44975.8,42160.0,42051.8,42029.0,42101.4
10.483,47741.4,43097.2,43604.4,44975.8,42160.0,42051.8,42029.0,42101.4
10.545,47741.4,43091.8,43604.4,44975.8,42160.0,42051.8,42029.0,42101.4
10.656,47741.4,43091.8,43604.4,44967.8,42160.0,42051.8,42029.0,42101.4
10.686,47741.4,43082.2,43604.4,44967.8,42160.0,42051.8,42029.0,42101.4
10.795,47741.4,43082.2,43604.4,44956.8,42160.0,42051.8,42029.0,42101.4
10.81,47741.4,43081.6,43604.4,44956.8,42160.0,42051.8,42029.0,42101.4
10.826,47741.4,43081.6,43604.4,44954.4,42160.0,42051.8,42029.0,42101.4
10.842,47741.4,43072.6,43604.4,44954.4,42160.0,42051.8,42029.0,42101.4
10.888,47741.4,43072.4,43604.4,44954.4,42160.0,42051.8,42029.0,42101.4
10.889,47741.4,43066.6,43604.4,44954.4,42160.0,42051.8,42029.0,42101.4
10.936,47741.4,43066.6,43604.4,44944.4,42160.0,42051.8,42029.0,42101.4
10.998,47741.4,43058.0,43604.4,44944.4,42160.0,42051.8,42029.0,42101.4
11.045,47741.4,43058.0,43599.2,44944.4,42160.0,42051.8,42029.0,42101.4
11.046,47741.4,43058.0,43599.2,44940.6,42160.0,42051.8,42029.0,42101.4
11.061,47741.4,43058.0,43599.2,44889.4,42160.0,42051.8,42029.0,42101.4
11.076,47741.4,43058.0,43595.4,44889.4,42160.0,42051.8,42029.0,42101.4
11.091,47741.4,43058.0,43590.2,44889.4,42160.0,42051.8,42029.0,42101.4
11.357,47741.4,43056.4,43590.2,44889.4,42160.0,42051.8,42029.0,42101.4
11.45,47741.4,43056.4,43590.2,44884.6,42160.0,42051.8,42029.0,42101.4
11.451,47741.4,43050.6,43590.2,44884.6,42160.0,42051.8,42029.0,42101.4
11.512,47741.4,43050.6,43590.2,44873.4,42160.0,42051.8,42029.0,42101.4
11.622,47741.4,43050.6,43590.2,44867.4,42160.0,42051.8,42029.0,42101.4
11.638,47741.4,43050.6,43590.2,44865.8,42160.0,42051.8,42029.0,42101.4
11.778,47741.4,43050.6,43590.2,44863.6,42160.0,42051.8,42029.0,42101.4
11.856,47741.4,43050.6,43590.2,44862.0,42160.0,42051.8,42029.0,42101.4
11.919,47741.4,43050.6,43590.2,44852.6,42160.0,42051.8,42029.0,42101.4
11.965,47741.4,43050.6,43590.2,44850.2,42160.0,42051.8,42029.0,42101.4
12.058,47741.4,43050.6,43590.2,44835.0,42160.0,42051.8,42029.0,42101.4
12.059,47741.4,43050.6,43590.2,44833.4,42160.0,42051.8,42029.0,42101.4
12.106,47741.4,43050.6,43590.2,44821.6,42160.0,42051.8,42029.0,42101.4
12.137,47741.4,43050.6,43590.2,44821.6,42159.2,42051.8,42029.0,42101.4
12.183,47741.4,43039.8,43590.2,44821.6,42159.2,42051.8,42029.0,42101.4
12.183,47741.4,43027.0,43590.2,44821.6,42159.2,42051.8,42029.0,42101.4
12.215,47741.4,43027.0,43590.2,44810.4,42159.2,42051.8,42029.0,42101.4
12.231,47741.4,43027.0,43590.2,44808.4,42159.2,42051.8,42029.0,42101.4
12.261,47741.4,43027.0,43590.2,44808.4,42159.2,42050.0,42029.0,42101.4
12.277,47741.4,43027.0,43590.2,44803.4,42159.2,42049.0,42029.0,42101.4
12.277,47741.4,43027.0,43590.2,44803.4,42159.2,42047.8,42029.0,42101.4
12.292,47741.4,43027.0,43590.2,44803.4,42159.2,42047.2,42029.0,42101.4
12.308,47741.4,43027.0,43590.2,44803.4,42159.2,42041.4,42029.0,42101.4
12.403,47741.4,43027.0,43590.2,44791.2,42159.2,42041.4,42029.0,42101.4
12.542,47741.4,43027.0,43590.2,44791.2,42159.2,42029.0,42029.0,42101.4
12.558,47741.4,43027.0,43590.2,44784.8,42159.2,42029.0,42029.0,42101.4
12.574,47741.4,43027.0,43590.2,44771.2,42159.2,42029.0,42029.0,42101.4
12.589,47741.4,43024.2,43590.2,44771.2,42159.2,42029.0,42029.0,42101.4
12.605,47741.4,43024.2,43590.2,44765.4,42159.2,42029.0,42029.0,42101.4
12.62,47741.4,43024.2,43590.2,44763.2,42159.2,42029.0,42029.0,42101.4
12.621,47741.4,43024.2,43590.2,44753.0,42159.2,42029.0,42029.0,42101.4
12.636,47741.4,43024.2,43590.2,44745.2,42159.2,42029.0,42029.0,42101.4
12.668,47741.4,43024.2,43590.2,44740.4,42159.2,42029.0,42029.0,42101.4
12.698,47741.4,43021.6,43590.2,44740.4,42159.2,42029.0,42029.0,42101.4
12.746,47741.4,43021.6,43590.2,44728.0,42159.2,42029.0,42029.0,42101.4
12.761,47741.4,43021.6,43590.2,44692.2,42159.2,42029.0,42029.0,42101.4
12.808,47741.4,43021.6,43590.2,44672.2,42159.2,42029.0,42029.0,42101.4
12.823,47741.4,43021.6,43590.2,44661.8,42159.2,42029.0,42029.0,42101.4
12.839,47741.4,43021.6,43590.2,44658.4,42153.6,42029.0,42029.0,42101.4
12.933,47741.4,43021.6,43590.2,44649.8,42153.6,42029.0,42029.0,42101.4
13.057,47741.4,43021.6,43590.2,44600.6,42153.6,42029.0,42029.0,42101.4
13.261,47741.4,43021.6,43590.2,44593.8,42153.6,42029.0,42029.0,42101.4
13.353,47741.4,43021.6,43590.2,44590.6,42153.6,42029.0,42029.0,42101.4
13.385,47716.0,43021.6,43590.2,44590.6,42153.6,42029.0,42029.0,42101.4
13.51,47716.0,43021.6,43590.2,44583.6,42153.6,42029.0,42029.0,42101.4
13.541,47716.0,43021.6,43590.2,44579.8,42153.6,42029.0,42029.0,42101.4
13.588,47716.0,43021.6,43590.2,44577.8,42153.6,42029.0,42029.0,42101.4
13.603,47716.0,43021.6,43590.2,44576.8,42153.6,42029.0,42029.0,42101.4
13.619,47716.0,43021.6,43590.2,44563.0,42153.6,42029.0,42029.0,42101.4
13.713,47716.0,43021.6,43590.2,44537.8,42153.6,42029.0,42029.0,42101.4
13.743,47716.0,43021.6,43590.2,44531.6,42153.6,42029.0,42029.0,42101.4
13.821,47716.0,43021.6,43590.2,44510.6,42153.6,42029.0,42029.0,42101.4
13.947,47716.0,43004.2,43590.2,44510.6,42153.6,42029.0,42029.0,42101.4
13.978,47716.0,43004.2,43590.2,44506.6,42153.6,42029.0,42029.0,42101.4
14.055,47716.0,43004.2,43590.2,44489.6,42153.6,42029.0,42029.0,42101.4
14.071,47716.0,43004.2,43590.2,44489.4,42153.6,42029.0,42029.0,42101.4
14.102,47716.0,43004.2,43590.2,44468.0,42153.6,42029.0,42029.0,42101.4
14.118,47716.0,43004.2,43590.2,44465.8,42153.6,42029.0,42029.0,42101.4
14.133,47716.0,43004.2,43590.2,44457.6,42153.6,42029.0,42029.0,42101.4
14.196,47716.0,43004.2,43590.2,44449.8,42153.6,42029.0,42029.0,42101.4
14.321,47716.0,43004.2,43590.2,44439.0,42153.6,42029.0,42029.0,42101.4
14.384,47716.0,43004.2,43590.2,44430.0,42153.6,42029.0,42029.0,42101.4
14.384,47716.0,43004.2,43590.2,44429.6,42153.6,42029.0,42029.0,42101.4
14.477,47716.0,43002.4,43590.2,44429.6,42153.6,42029.0,42029.0,42101.4
14.477,47716.0,42997.8,43590.2,44429.6,42153.6,42029.0,42029.0,42101.4
14.523,47716.0,42997.8,43586.2,44429.6,42153.6,42029.0,42029.0,42101.4
14.539,47716.0,42996.2,43586.2,44429.6,42153.6,42029.0,42029.0,42101.4
14.617,47716.0,42995.2,43586.2,44429.6,42153.6,42029.0,42029.0,42101.4
14.726,47716.0,42983.2,43586.2,44429.6,42153.6,42029.0,42029.0,42101.4
14.757,47716.0,42983.2,43586.2,44428.0,42153.6,42029.0,42029.0,42101.4
14.758,47716.0,42983.2,43586.2,44423.6,42153.6,42029.0,42029.0,42101.4
14.804,47716.0,42983.2,43582.4,44423.6,42153.6,42029.0,42029.0,42101.4
14.851,47716.0,42983.2,43582.4,44419.8,42153.6,42029.0,42029.0,42101.4
14.914,47716.0,42983.2,43582.4,44410.0,42153.6,42029.0,42029.0,42101.4
14.945,47716.0,42983.2,43582.4,44396.8,42153.6,42029.0,42029.0,42101.4
14.945,47716.0,42983.2,43582.4,44379.0,42153.6,42029.0,42029.0,42101.4
15.007,47716.0,42983.2,43582.4,44365.4,42153.6,42029.0,42029.0,42101.4
15.038,47716.0,42983.2,43582.4,44358.4,42153.6,42029.0,42029.0,42101.4
15.163,47716.0,42983.2,43582.4,44357.4,42153.6,42029.0,42029.0,42101.4
15.225,47716.0,42983.2,43572.4,44357.4,42153.6,42029.0,42029.0,42101.4
15.288,47716.0,42983.2,43562.4,44357.4,42153.6,42029.0,42029.0,42101.4
15.522,47716.0,42975.8,43562.4,44357.4,42153.6,42029.0,42029.0,42101.4
15.537,47716.0,42975.8,43562.4,44347.4,42153.6,42029.0,42029.0,42101.4
15.615,47716.0,42966.6,43562.4,44347.4,42153.6,42029.0,42029.0,42101.4
15.71,47716.0,42966.6,43562.4,44341.8,42153.6,42029.0,42029.0,42101.4
15.74,47716.0,42966.6,43562.4,44341.0,42153.6,42029.0,42029.0,42101.4
16.006,47716.0,42966.6,43562.4,44338.6,42153.6,42029.0,42029.0,42101.4
16.052,47716.0,42966.6,43562.4,44327.8,42153.6,42029.0,42029.0,42101.4
16.146,47716.0,42966.6,43562.0,44327.8,42153.6,42029.0,42029.0,42101.4
16.146,47716.0,42966.6,43558.2,44327.8,42153.6,42029.0,42029.0,42101.4
16.177,47716.0,42966.6,43558.0,44327.8,42153.6,42029.0,42029.0,42101.4
16.239,47716.0,42966.6,43558.0,44325.2,42153.6,42029.0,42029.0,42101.4
16.255,47716.0,42966.6,43557.6,44325.2,42153.6,42029.0,42029.0,42101.4
16.271,47663.4,42966.6,43557.6,44325.2,42153.6,42029.0,42029.0,42101.4
16.286,47663.4,42966.6,43555.6,44325.2,42153.6,42029.0,42029.0,42101.4
16.396,47663.4,42966.6,43555.6,44315.0,42153.6,42029.0,42029.0,42101.4
16.412,47663.4,42966.6,43554.8,44315.0,42153.6,42029.0,42029.0,42101.4
16.412,47663.4,42966.6,43554.6,44315.0,42153.6,42029.0,42029.0,42101.4
16.427,47663.4,42966.6,43554.6,44302.0,42153.6,42029.0,42029.0,42101.4
16.458,47663.4,42966.6,43551.0,44302.0,42153.6,42029.0,42029.0,42101.4
16.661,47663.4,42966.6,43547.4,44302.0,42153.6,42029.0,42029.0,42101.4
16.708,47663.4,42957.2,43547.4,44302.0,42153.6,42029.0,42029.0,42101.4
16.723,47663.4,42957.2,43543.4,44299.6,42153.6,42029.0,42029.0,42101.4
16.832,47663.4,42957.2,43543.4,44291.6,42153.6,42029.0,42029.0,42101.4
16.926,47663.4,42957.2,43543.4,44280.2,42153.6,42029.0,42029.0,42101.4
16.989,47663.4,42957.2,43539.6,44280.2,42153.6,42029.0,42029.0,42101.4
17.02,47663.4,42957.2,43537.8,44280.2,42153.6,42029.0,42029.0,42101.4
17.02,47663.4,42957.2,43529.0,44280.2,42153.6,42029.0,42029.0,42101.4
17.066,47621.0,42957.2,43529.0,44280.2,42153.6,42029.0,42029.0,42101.4
17.114,47621.0,42957.2,43524.8,44280.2,42153.6,42029.0,42029.0,42101.4
17.161,47621.0,42957.2,43520.0,44280.2,42153.6,42029.0,42029.0,42101.4
17.207,47621.0,42957.2,43520.0,44273.8,42153.6,42029.0,42029.0,42101.4
17.222,47621.0,42957.2,43512.0,44273.8,42153.6,42029.0,42029.0,42101.4
17.253,47621.0,42957.2,43512.0,44272.8,42153.6,42029.0,42029.0,42101.4
17.378,47621.0,42954.0,43512.0,44272.8,42153.6,42029.0,42029.0,42101.4
17.456,47621.0,42954.0,43504.0,44272.8,42153.6,42029.0,42029.0,42101.4
17.551,47621.0,42954.0,43500.2,44272.8,42153.6,42029.0,42029.0,42101.4
17.565,47621.0,42954.0,43500.2,44268.0,42153.6,42029.0,42029.0,42101.4
17.643,47621.0,42954.0,43500.2,44264.8,42153.6,42029.0,42029.0,42101.4
17.69,47621.0,42954.0,43500.2,44263.2,42153.6,42029.0,42029.0,42101.4
17.721,47621.0,42954.0,43500.2,44262.8,42153.6,42029.0,42029.0,42101.4
17.754,47621.0,42954.0,43481.6,44262.8,42153.6,42029.0,42029.0,42101.4
17.769,47621.0,42954.0,43481.6,44231.0,42153.6,42029.0,42029.0,42101.4
17.815,47621.0,42954.0,43481.4,44231.0,42153.6,42029.0,42029.0,42101.4
17.862,47621.0,42954.0,43479.6,44231.0,42153.6,42029.0,42029.0,42101.4
17.924,47621.0,42954.0,43469.0,44231.0,42153.6,42029.0,42029.0,42101.4
17.941,47621.0,42954.0,43464.2,44231.0,42153.6,42029.0,42029.0,42101.4
17.987,47621.0,42954.0,43448.8,44231.0,42153.6,42029.0,42029.0,42101.4
17.988,47621.0,42954.0,43440.8,44231.0,42153.6,42029.0,42029.0,42101.4
18.018,47621.0,42954.0,43440.8,44223.6,42153.6,42029.0,42029.0,42101.4
18.096,47621.0,42950.0,43440.8,44223.6,42153.6,42029.0,42029.0,42101.4
18.097,47621.0,42950.0,43438.4,44223.6,42153.6,42029.0,42029.0,42101.4
18.111,47621.0,42950.0,43438.4,44220.8,42153.6,42029.0,42029.0,42101.4
18.144,47621.0,42950.0,43433.4,44220.8,42153.6,42029.0,42029.0,42101.4
18.205,47621.0,42950.0,43433.4,44216.0,42153.6,42029.0,42029.0,42101.4
18.283,47621.0,42950.0,43424.8,44216.0,42153.6,42029.0,42029.0,42101.4
18.378,47621.0,42950.0,43424.8,44207.4,42153.6,42029.0,42029.0,42101.4
18.548,47621.0,42950.0,43421.6,44207.4,42153.6,42029.0,42029.0,42101.4
18.689,47621.0,42950.0,43421.6,44200.4,42153.6,42029.0,42029.0,42101.4
18.767,47621.0,42950.0,43417.8,44200.4,42153.6,42029.0,42029.0,42101.4
18.86,47621.0,42937.0,43417.8,44200.4,42153.6,42029.0,42029.0,42101.4
18.861,47621.0,42911.6,43417.8,44200.4,42153.6,42029.0,42029.0,42101.4
18.923,47621.0,42911.6,43417.8,44193.0,42153.6,42029.0,42029.0,42101.4
19.094,47621.0,42911.6,43415.2,44193.0,42153.6,42029.0,42029.0,42101.4
19.11,47621.0,42907.0,43415.2,44193.0,42153.6,42029.0,42029.0,42101.4
19.141,47621.0,42907.0,43415.2,44184.8,42153.6,42029.0,42029.0,42101.4
19.236,47621.0,42907.0,43415.2,44179.4,42153.6,42029.0,42029.0,42101.4
19.266,47621.0,42907.0,43414.6,44179.4,42153.6,42029.0,42029.0,42101.4
19.359,47621.0,42907.0,43414.6,44177.4,42153.6,42029.0,42029.0,42101.4
19.484,47621.0,42907.0,43413.0,44177.4,42153.6,42029.0,42029.0,42101.4
19.5,47621.0,42907.0,43408.0,44172.6,42153.6,42029.0,42029.0,42101.4
19.532,47621.0,42907.0,43408.0,44170.6,42153.6,42029.0,42029.0,42101.4
19.609,47621.0,42907.0,43402.0,44170.6,42153.6,42029.0,42029.0,42101.4
19.781,47621.0,42907.0,43399.6,44170.6,42153.6,42029.0,42029.0,42101.4
19.984,47621.0,42903.4,43399.6,44170.6,42153.6,42029.0,42029.0,42101.4
20.108,47621.0,42903.4,43399.6,44146.6,42153.6,42029.0,42029.0,42101.4
20.171,47621.0,42903.4,43397.0,44146.6,42153.6,42029.0,42029.0,42101.4
20.249,47621.0,42903.4,43394.8,44146.6,42153.6,42029.0,42029.0,42101.4
20.327,47621.0,42903.4,43394.8,44138.6,42153.6,42029.0,42029.0,42101.4
20.499,47621.0,42903.4,43394.8,44134.8,42153.6,42029.0,42029.0,42101.4
20.888,47621.0,42903.4,43394.8,44134.2,42153.6,42029.0,42029.0,42101.4
20.967,47621.0,42902.8,43394.8,44134.2,42153.6,42029.0,42029.0,42101.4
20.982,47621.0,42902.8,43393.2,44134.2,42153.6,42029.0,42029.0,42101.4
21.013,47621.0,42902.8,43389.4,44134.2,42153.6,42029.0,42029.0,42101.4
21.045,47621.0,42895.6,43389.4,44134.2,42153.6,42029.0,42029.0,42101.4
21.061,47621.0,42895.6,43389.4,44132.6,42153.6,42029.0,42029.0,42101.4
21.247,47621.0,42895.6,43389.4,44132.4,42153.6,42029.0,42029.0,42101.4
21.513,47621.0,42889.4,43389.4,44132.4,42153.6,42029.0,42029.0,42101.4
21.637,47621.0,42883.4,43389.4,44129.4,42153.6,42029.0,42029.0,42101.4
21.654,47621.0,42883.4,43389.4,44123.0,42153.6,42029.0,42029.0,42101.4
21.794,47621.0,42883.4,43389.4,44120.8,42153.6,42029.0,42029.0,42101.4
21.841,47621.0,42883.4,43389.4,44113.2,42153.6,42029.0,42029.0,42101.4
21.949,47621.0,42873.2,43389.4,44113.2,42153.6,42029.0,42029.0,42101.4
22.043,47621.0,42873.2,43389.4,44097.4,42153.6,42029.0,42029.0,42101.4
22.074,47621.0,42873.2,43377.2,44097.4,42153.6,42029.0,42029.0,42101.4
22.09,47621.0,42873.2,43377.2,44097.2,42153.6,42029.0,42029.0,42101.4
22.276,47621.0,42870.0,43377.2,44097.2,42153.6,42029.0,42029.0,42101.4
22.339,47621.0,42863.8,43377.2,44097.2,42153.6,42029.0,42029.0,42101.4
22.37,47621.0,42863.8,43371.0,44097.2,42153.6,42029.0,42029.0,42101.4
22.371,47621.0,42863.8,43371.0,44097.0,42153.6,42029.0,42029.0,42101.4
22.433,47621.0,42843.2,43371.0,44091.6,42153.6,42029.0,42029.0,42101.4
22.448,47621.0,42843.2,43371.0,44089.0,42153.6,42029.0,42029.0,42101.4
22.512,47621.0,42843.2,43371.0,44082.8,42153.6,42029.0,42029.0,42101.4
22.901,47621.0,42843.2,43368.6,44082.8,42153.6,42029.0,42029.0,42101.4
22.947,47621.0,42843.2,43367.0,44082.8,42153.6,42029.0,42029.0,42101.4
22.994,47621.0,42843.2,43367.0,44081.2,42153.6,42029.0,42029.0,42101.4
23.259,47621.0,42843.2,43367.0,44079.2,42153.6,42029.0,42029.0,42101.4
23.401,47621.0,42843.2,43367.0,44071.8,42153.6,42029.0,42029.0,42101.4
23.525,47621.0,42832.0,43367.0,44071.8,42153.6,42029.0,42029.0,42101.4
23.54,47621.0,42823.0,43348.4,44071.8,42153.6,42029.0,42029.0,42101.4
23.774,47621.0,42823.0,43348.4,44063.2,42153.6,42029.0,42029.0,42101.4
23.79,47621.0,42809.2,43348.4,44063.2,42153.6,42029.0,42029.0,42101.4
23.852,47621.0,42809.2,43348.4,44060.2,42153.6,42029.0,42029.0,42101.4
24.102,47621.0,42806.6,43348.4,44060.2,42153.6,42029.0,42029.0,42101.4
24.18,47621.0,42806.6,43348.4,44059.8,42153.6,42029.0,42029.0,42101.4
24.258,47621.0,42806.6,43348.4,44041.0,42153.6,42029.0,42029.0,42101.4
24.414,47621.0,42806.6,43348.4,44041.0,42153.6,42029.0,42029.0,42100.6
24.414,47621.0,42806.6,43348.4,44041.0,42153.6,42029.0,42029.0,42098.4
24.554,47621.0,42806.6,43348.4,44037.2,42153.6,42029.0,42029.0,42098.4
24.944,47621.0,42806.6,43330.4,44037.2,42153.6,42029.0,42029.0,42098.4
25.038,47621.0,42806.6,43330.4,44035.0,42153.6,42029.0,42029.0,42098.4
25.054,47621.0,42806.6,43330.4,44035.0,42153.6,42029.0,42029.0,42092.8
25.116,47621.0,42806.6,43330.4,44031.4,42153.6,42029.0,42029.0,42092.8
25.241,47621.0,42806.6,43330.4,44031.4,42153.6,42029.0,42029.0,42091.2
25.256,47621.0,42806.6,43330.4,44031.4,42153.6,42029.0,42029.0,42087.0
25.287,47621.0,42806.6,43322.0,44031.4,42153.6,42029.0,42029.0,42087.0
25.537,47621.0,42806.6,43313.6,44031.4,42153.6,42029.0,42029.0,42087.0
25.631,47621.0,42806.6,43307.8,44031.4,42153.6,42029.0,42029.0,42087.0
25.71,47621.0,42806.6,43307.8,44019.2,42153.6,42029.0,42029.0,42087.0
25.911,47549.8,42806.6,43307.8,44019.2,42153.6,42029.0,42029.0,42087.0
25.912,47549.8,42806.6,43307.8,44019.2,42153.6,42029.0,42029.0,42086.6
25.928,47549.8,42806.6,43307.8,44019.2,42153.6,42029.0,42029.0,42084.4
25.99,47549.8,42806.6,43307.8,44019.2,42153.6,42029.0,42029.0,42074.2
26.005,47549.8,42806.6,43307.8,44019.2,42153.6,42029.0,42029.0,42072.0
26.068,47549.8,42806.6,43307.8,44019.2,42153.6,42029.0,42029.0,42063.4
26.068,47549.8,42806.6,43307.8,44019.2,42153.6,42029.0,42029.0,42051.8
26.224,47549.8,42806.6,43307.8,44013.0,42153.6,42029.0,42029.0,42051.8
26.568,47549.8,42806.6,43307.8,44002.8,42153.6,42029.0,42029.0,42051.8
26.785,47549.8,42806.6,43307.8,44001.2,42153.6,42029.0,42029.0,42051.8
26.816,47549.8,42806.6,43307.8,43991.2,42153.6,42029.0,42029.0,42051.8
26.957,47549.8,42806.6,43307.8,43991.2,42152.2,42029.0,42029.0,42051.8
28.095,47549.8,42806.6,43307.8,43964.0,42152.2,42029.0,42029.0,42051.8
29.017,47549.8,42806.6,43306.8,43964.0,42152.2,42029.0,42029.0,42051.8
29.031,47549.8,42806.6,43306.8,43958.0,42152.2,42029.0,42029.0,42051.8
29.157,47549.8,42806.6,43298.6,43958.0,42152.2,42029.0,42029.0,42051.8
29.454,47549.8,42806.6,43291.2,43958.0,42152.2,42029.0,42029.0,42051.8
30.279,47549.8,42806.6,43290.0,43958.0,42152.2,42029.0,42029.0,42051.8
30.374,47549.8,42806.6,43284.8,43958.0,42152.2,42029.0,42029.0,42051.8
30.404,47549.8,42806.6,43276.0,43958.0,42152.2,42029.0,42029.0,42051.8
30.561,47549.8,42806.6,43276.0,43958.0,42145.2,42029.0,42029.0,42051.8
30.701,47549.8,42799.8,43276.0,43958.0,42145.2,42029.0,42029.0,42051.8
30.716,47549.8,42751.8,43276.0,43958.0,42145.2,42029.0,42029.0,42051.8
30.81,47549.8,42748.0,43276.0,43958.0,42145.2,42029.0,42029.0,42051.8
31.028,47549.8,42748.0,43272.6,43958.0,42145.2,42029.0,42029.0,42051.8
31.496,47549.8,42748.0,43272.6,43950.0,42145.2,42029.0,42029.0,42051.8
31.605,47549.8,42748.0,43272.6,43938.6,42145.2,42029.0,42029.0,42051.8
31.621,47549.8,42748.0,43272.4,43938.6,42145.2,42029.0,42029.0,42051.8
31.715,47549.8,42748.0,43271.4,43938.6,42145.2,42029.0,42029.0,42051.8
32.698,47549.8,42744.2,43271.4,43938.6,42145.2,42029.0,42029.0,42051.8
32.713,47549.8,42741.4,43271.4,43938.6,42145.2,42029.0,42029.0,42051.8
32.807,47549.8,42741.4,43268.0,43938.6,42145.2,42029.0,42029.0,42051.8
33.337,47549.8,42741.4,43265.8,43938.6,42145.2,42029.0,42029.0,42051.8
33.587,47549.8,42741.4,43265.8,43938.6,42144.0,42029.0,42029.0,42051.8
33.603,47549.8,42741.4,43265.8,43926.0,42144.0,42029.0,42029.0,42051.8
33.665,47549.8,42741.4,43265.4,43926.0,42144.0,42029.0,42029.0,42051.8
34.102,47549.8,42741.4,43265.4,43919.4,42144.0,42029.0,42029.0,42051.8
34.226,47549.8,42741.4,43263.0,43919.4,42144.0,42029.0,42029.0,42051.8
34.445,47549.8,42741.4,43263.0,43907.2,42144.0,42029.0,42029.0,42051.8
35.195,47549.8,42741.4,43263.0,43907.2,42144.0,42029.0,42029.0,42051.2
35.21,47549.8,42741.4,43263.0,43907.2,42144.0,42029.0,42029.0,42049.0
35.225,47549.8,42734.2,43263.0,43907.2,42144.0,42029.0,42029.0,42049.0
35.256,47549.8,42734.2,43262.6,43907.2,42144.0,42029.0,42029.0,42049.0
35.257,47549.8,42734.2,43262.6,43907.2,42144.0,42029.0,42029.0,42044.0
35.257,47549.8,42734.2,43262.6,43907.2,42144.0,42029.0,42029.0,42033.2
35.382,47549.8,42734.2,43262.6,43907.2,42144.0,42029.0,42029.0,42029.0
35.584,47549.8,42734.2,43262.6,43890.0,42144.0,42029.0,42029.0,42029.0
35.724,47549.8,42734.2,43262.6,43877.0,42144.0,42029.0,42029.0,42029.0
38.189,47549.8,42734.2,43262.6,43872.0,42144.0,42029.0,42029.0,42029.0
38.235,47549.8,42734.2,43250.0,43872.0,42144.0,42029.0,42029.0,42029.0
38.797,47549.8,42726.0,43223.4,43872.0,42144.0,42029.0,42029.0,42029.0
38.798,47549.8,42726.0,43223.4,43872.0,42141.6,42029.0,42029.0,42029.0
38.813,47549.8,42723.6,43223.4,43872.0,42141.6,42029.0,42029.0,42029.0
38.844,47549.8,42723.6,43219.4,43872.0,42141.6,42029.0,42029.0,42029.0
38.86,47549.8,42723.6,43219.4,43868.2,42141.6,42029.0,42029.0,42029.0
38.906,47549.8,42710.6,43219.4,43868.2,42141.6,42029.0,42029.0,42029.0
38.953,47549.8,42710.6,43214.6,43868.2,42141.6,42029.0,42029.0,42029.0
39.234,47549.8,42710.6,43207.6,43868.2,42141.6,42029.0,42029.0,42029.0
39.842,47549.8,42710.6,43194.6,43868.2,42141.6,42029.0,42029.0,42029.0
39.92,47549.8,42710.6,43193.4,43868.2,42141.6,42029.0,42029.0,42029.0
40.108,47549.8,42704.0,43193.4,43868.2,42141.6,42029.0,42029.0,42029.0
40.388,47549.8,42704.0,43192.4,43868.2,42141.6,42029.0,42029.0,42029.0
40.42,47549.8,42699.2,43192.4,43868.2,42141.6,42029.0,42029.0,42029.0
40.716,47549.8,42689.4,43192.4,43868.2,42141.6,42029.0,42029.0,42029.0
40.747,47549.8,42689.4,43180.6,43868.2,42141.6,42029.0,42029.0,42029.0
41.777,47549.8,42689.4,43180.6,43860.4,42141.6,42029.0,42029.0,42029.0
42.182,47549.8,42689.4,43176.0,43860.4,42141.6,42029.0,42029.0,42029.0
42.198,47549.8,42689.4,43168.6,43860.4,42141.6,42029.0,42029.0,42029.0
42.401,47549.8,42689.4,43168.6,43860.4,42136.2,42029.0,42029.0,42029.0
42.62,47549.8,42689.4,43168.6,43851.8,42136.2,42029.0,42029.0,42029.0
43.617,47549.8,42689.4,43160.4,43851.8,42136.2,42029.0,42029.0,42029.0
44.429,47549.8,42688.4,43160.4,43851.8,42136.2,42029.0,42029.0,42029.0
45.021,47549.8,42688.4,43160.4,43834.6,42136.2,42029.0,42029.0,42029.0
45.068,47549.8,42688.4,43160.4,43827.4,42136.2,42029.0,42029.0,42029.0
45.209,47549.8,42688.4,43160.4,43798.4,42136.2,42029.0,42029.0,42029.0
45.801,47549.8,42688.4,43160.4,43797.0,42136.2,42029.0,42029.0,42029.0
45.848,47549.8,42688.4,43160.4,43797.0,42135.8,42029.0,42029.0,42029.0
47.673,47549.8,42688.4,43160.4,43797.0,42134.6,42029.0,42029.0,42029.0
48.469,47549.8,42688.4,43157.4,43797.0,42134.6,42029.0,42029.0,42029.0
49.234,47549.8,42688.4,43157.0,43797.0,42134.6,42029.0,42029.0,42029.0
50.248,47549.8,42688.4,43151.4,43797.0,42134.6,42029.0,42029.0,42029.0
50.732,47549.8,42688.4,43151.4,43789.8,42134.6,42029.0,42029.0,42029.0
50.887,47549.8,42688.4,43151.4,43787.4,42134.6,42029.0,42029.0,42029.0
51.355,47549.8,42688.4,43151.0,43787.4,42134.6,42029.0,42029.0,42029.0
51.87,47549.8,42688.4,43151.0,43787.2,42134.6,42029.0,42029.0,42029.0
52.182,47549.8,42688.4,43151.0,43778.8,42134.6,42029.0,42029.0,42029.0
52.494,47549.8,42688.4,43151.0,43775.2,42134.6,42029.0,42029.0,42029.0
53.867,47549.8,42680.4,43151.0,43775.2,42134.6,42029.0,42029.0,42029.0
54.32,47549.8,42680.4,43151.0,43772.8,42134.6,42029.0,42029.0,42029.0
56.192,47549.8,42678.6,43151.0,43772.8,42134.6,42029.0,42029.0,42029.0
57.611,47549.8,42666.6,43151.0,43772.8,42134.6,42029.0,42029.0,42029.0
58.797,47549.8,42665.0,43151.0,43772.8,42134.6,42029.0,42029.0,42029.0
59.202,47549.8,42665.0,43145.0,43772.8,42134.6,42029.0,42029.0,42029.0
59.233,47549.8,42665.0,43139.6,43772.8,42134.6,42029.0,42029.0,42029.0
59.233,47549.8,42665.0,43132.6,43772.8,42134.6,42029.0,42029.0,42029.0
59.327,47549.8,42665.0,43124.6,43772.8,42134.6,42029.0,42029.0,42029.0
59.717,47549.8,42650.8,43124.6,43772.8,42134.6,42029.0,42029.0,42029.0
59.951,47549.8,42650.8,43124.6,43766.2,42134.6,42029.0,42029.0,42029.0
60.185,47549.8,42650.8,43115.6,43766.2,42134.6,42029.0,42029.0,42029.0
60.544,47549.8,42650.8,43109.6,43766.2,42134.6,42029.0,42029.0,42029.0
61.48,47549.8,42650.6,43109.6,43766.2,42134.6,42029.0,42029.0,42029.0
61.589,47549.8,42650.4,43109.6,43766.2,42134.6,42029.0,42029.0,42029.0
61.605,47549.8,42648.0,43109.6,43766.2,42134.6,42029.0,42029.0,42029.0
62.213,47549.8,42645.6,43109.6,43766.2,42134.6,42029.0,42029.0,42029.0
62.338,47515.4,42645.6,43109.6,43766.2,42134.6,42029.0,42029.0,42029.0
62.822,47515.4,42645.6,43105.4,43766.2,42134.6,42029.0,42029.0,42029.0
62.931,47515.4,42645.6,43100.0,43766.2,42134.6,42029.0,42029.0,42029.0
63.025,47515.4,42645.6,43091.8,43766.2,42134.6,42029.0,42029.0,42029.0
63.072,47515.4,42645.6,43085.8,43766.2,42134.6,42029.0,42029.0,42029.0
63.134,47515.4,42645.6,43084.6,43766.2,42134.6,42029.0,42029.0,42029.0
63.196,47515.4,42645.6,43077.2,43766.2,42134.6,42029.0,42029.0,42029.0
64.303,47515.4,42645.6,43077.2,43762.2,42134.6,42029.0,42029.0,42029.0
64.304,47515.4,42645.6,43064.2,43762.2,42134.6,42029.0,42029.0,42029.0
64.507,47515.4,42645.6,43059.4,43762.2,42134.6,42029.0,42029.0,42029.0
64.694,47515.4,42645.6,43036.8,43762.2,42134.6,42029.0,42029.0,42029.0
68.344,47515.4,42645.6,43036.8,43752.2,42134.6,42029.0,42029.0,42029.0
69.655,47515.4,42625.8,43036.8,43752.2,42134.6,42029.0,42029.0,42029.0
70.216,47515.4,42623.6,43036.8,43752.2,42134.6,42029.0,42029.0,42029.0
70.871,47515.4,42623.6,43036.8,43752.2,42127.6,42029.0,42029.0,42029.0
71.604,47515.4,42623.6,43036.8,43742.2,42127.6,42029.0,42029.0,42029.0
71.917,47515.4,42621.2,43036.8,43742.2,42127.6,42029.0,42029.0,42029.0
72.79,47515.4,42621.2,43036.8,43708.4,42127.6,42029.0,42029.0,42029.0
75.145,47515.4,42621.2,43036.0,43708.4,42127.6,42029.0,42029.0,42029.0
75.161,47515.4,42621.2,43032.2,43708.4,42127.6,42029.0,42029.0,42029.0
75.395,47515.4,42621.2,43030.0,43708.4,42127.6,42029.0,42029.0,42029.0
75.91,47515.4,42621.2,43023.4,43708.4,42127.6,42029.0,42029.0,42029.0
76.393,47515.4,42621.2,43023.4,43708.2,42127.6,42029.0,42029.0,42029.0
76.737,47515.4,42621.2,43020.0,43708.2,42127.6,42029.0,42029.0,42029.0
76.846,47515.4,42621.2,43019.8,43708.2,42127.6,42029.0,42029.0,42029.0
76.861,47515.4,42621.2,43012.8,43708.2,42127.6,42029.0,42029.0,42029.0
77.127,47515.4,42621.2,42969.8,43708.2,42127.6,42029.0,42029.0,42029.0
77.314,47515.4,42621.2,42961.2,43708.2,42127.6,42029.0,42029.0,42029.0
77.782,47515.4,42621.2,42960.4,43708.2,42127.6,42029.0,42029.0,42029.0
78.047,47515.4,42621.2,42955.4,43708.2,42127.6,42029.0,42029.0,42029.0
78.063,47515.4,42621.2,42954.6,43708.2,42127.6,42029.0,42029.0,42029.0
78.281,47515.4,42621.2,42949.6,43708.2,42127.6,42029.0,42029.0,42029.0
79.108,47515.4,42621.2,42947.2,43708.2,42127.6,42029.0,42029.0,42029.0
79.249,47515.4,42617.2,42947.2,43708.2,42127.6,42029.0,42029.0,42029.0
79.545,47515.4,42617.2,42947.2,43698.0,42127.6,42029.0,42029.0,42029.0
80.028,47515.4,42617.2,42947.2,43695.4,42127.6,42029.0,42029.0,42029.0
81.23,47515.4,42615.4,42947.2,43695.4,42127.6,42029.0,42029.0,42029.0
83.226,47515.4,42615.4,42947.2,43693.2,42127.6,42029.0,42029.0,42029.0
86.019,47515.4,42615.4,42947.2,43693.2,42121.6,42029.0,42029.0,42029.0
86.034,47515.4,42615.4,42947.2,43644.2,42121.6,42029.0,42029.0,42029.0
87.329,47436.2,42615.4,42947.2,43644.2,42121.6,42029.0,42029.0,42029.0
87.735,47436.2,42615.4,42947.2,43634.2,42121.6,42029.0,42029.0,42029.0
88.124,47436.2,42615.4,42947.2,43619.8,42121.6,42029.0,42029.0,42029.0
88.155,47436.2,42615.4,42947.2,43605.4,42121.6,42029.0,42029.0,42029.0
88.421,47436.2,42615.4,42947.2,43604.2,42121.6,42029.0,42029.0,42029.0
90.808,47436.2,42615.4,42947.2,43604.2,42110.4,42029.0,42029.0,42029.0
91.525,47436.2,42615.4,42947.2,43588.4,42110.4,42029.0,42029.0,42029.0
91.837,47436.2,42615.4,42947.2,43586.6,42110.4,42029.0,42029.0,42029.0
92.836,47436.2,42615.4,42947.2,43585.0,42110.4,42029.0,42029.0,42029.0
93.195,47436.2,42615.4,42947.2,43568.0,42110.4,42029.0,42029.0,42029.0
93.929,47436.2,42615.4,42947.2,43544.8,42110.4,42029.0,42029.0,42029.0
94.724,47436.2,42606.8,42947.2,43544.8,42110.4,42029.0,42029.0,42029.0
94.896,47436.2,42606.8,42947.2,43532.2,42110.4,42029.0,42029.0,42029.0
95.208,47436.2,42606.8,42947.2,43530.6,42110.4,42029.0,42029.0,42029.0
95.643,47436.2,42606.8,42947.2,43528.8,42110.4,42029.0,42029.0,42029.0
95.91,47436.2,42602.2,42947.2,43528.8,42110.4,42029.0,42029.0,42029.0
97.361,47436.2,42602.2,42947.2,43486.2,42110.4,42029.0,42029.0,42029.0
98.156,47436.2,42602.2,42947.2,43484.6,42110.4,42029.0,42029.0,42029.0
99.014,47436.2,42602.2,42947.2,43479.4,42110.4,42029.0,42029.0,42029.0
100.543,47436.2,42589.8,42947.2,43479.4,42110.4,42029.0,42029.0,42029.0
101.978,47430.0,42589.8,42947.2,43479.4,42110.4,42029.0,42029.0,42029.0
103.273,47430.0,42575.6,42947.2,43479.4,42110.4,42029.0,42029.0,42029.0
104.194,47430.0,42575.6,42947.2,43475.4,42110.4,42029.0,42029.0,42029.0
105.566,47430.0,42573.8,42947.2,43475.4,42110.4,42029.0,42029.0,42029.0
106.315,47430.0,42573.8,42947.2,43470.8,42110.4,42029.0,42029.0,42029.0
106.423,47430.0,42573.8,42947.2,43470.8,42099.6,42029.0,42029.0,42029.0
106.892,47430.0,42573.8,42947.2,43461.4,42099.6,42029.0,42029.0,42029.0
109.559,47430.0,42573.8,42947.2,43450.6,42099.6,42029.0,42029.0,42029.0
111.729,47430.0,42573.8,42947.2,43441.2,42099.6,42029.0,42029.0,42029.0
112.258,47430.0,42573.8,42947.2,43423.4,42099.6,42029.0,42029.0,42029.0
114.24,47430.0,42573.8,42947.2,43407.2,42099.6,42029.0,42029.0,42029.0
116.782,47430.0,42573.8,42947.2,43406.8,42099.6,42029.0,42029.0,42029.0
117.609,47430.0,42573.8,42947.2,43395.2,42099.6,42029.0,42029.0,42029.0
118.155,47430.0,42573.8,42947.2,43395.2,42091.0,42029.0,42029.0,42029.0
119.216,47430.0,42573.8,42947.2,43390.6,42091.0,42029.0,42029.0,42029.0
119.778,47430.0,42573.8,42941.2,43390.6,42091.0,42029.0,42029.0,42029.0
120.948,47430.0,42573.8,42935.2,43390.6,42091.0,42029.0,42029.0,42029.0
121.041,47430.0,42573.8,42930.6,43390.6,42091.0,42029.0,42029.0,42029.0
121.135,47430.0,42573.8,42922.4,43390.6,42091.0,42029.0,42029.0,42029.0
121.525,47430.0,42573.8,42920.8,43390.6,42091.0,42029.0,42029.0,42029.0
122.149,47430.0,42573.8,42917.0,43390.6,42091.0,42029.0,42029.0,42029.0
123.006,47430.0,42573.8,42917.0,43384.0,42091.0,42029.0,42029.0,42029.0
124.004,47430.0,42573.8,42917.0,43368.6,42091.0,42029.0,42029.0,42029.0
129.2,47430.0,42573.8,42917.0,43360.8,42091.0,42029.0,42029.0,42029.0
143.068,47430.0,42573.8,42917.0,43350.0,42091.0,42029.0,42029.0,42029.0
145.767,47366.2,42573.8,42917.0,43350.0,42091.0,42029.0,42029.0,42029.0
146.173,47366.2,42573.8,42913.2,43350.0,42091.0,42029.0,42029.0,42029.0
146.516,47366.2,42573.8,42911.8,43350.0,42091.0,42029.0,42029.0,42029.0
146.906,47366.2,42573.8,42909.4,43350.0,42091.0,42029.0,42029.0,42029.0
154.301,47366.2,42573.8,42909.4,43348.8,42091.0,42029.0,42029.0,42029.0
154.362,47366.2,42573.8,42909.4,43341.8,42091.0,42029.0,42029.0,42029.0
156.111,47366.2,42573.8,42909.4,43340.4,42091.0,42029.0,42029.0,42029.0
156.204,47366.2,42573.8,42909.4,43330.2,42091.0,42029.0,42029.0,42029.0
159.479,47366.2,42573.8,42908.2,43330.2,42091.0,42029.0,42029.0,42029.0
159.495,47366.2,42573.8,42902.2,43330.2,42091.0,42029.0,42029.0,42029.0
160.369,47366.2,42573.8,42899.6,43330.2,42091.0,42029.0,42029.0,42029.0
164.332,47366.2,42573.8,42899.6,43324.2,42091.0,42029.0,42029.0,42029.0
168.169,47366.2,42573.8,42899.6,43324.2,42081.8,42029.0,42029.0,42029.0
170.072,47366.2,42573.8,42899.6,43322.6,42081.8,42029.0,42029.0,42029.0
172.194,47366.2,42573.8,42899.6,43314.0,42081.8,42029.0,42029.0,42029.0
173.239,47366.2,42573.8,42899.6,43287.6,42081.8,42029.0,42029.0,42029.0
173.567,47366.2,42573.8,42899.6,43281.6,42081.8,42029.0,42029.0,42029.0
176.469,47366.2,42573.8,42899.6,43280.2,42081.8,42029.0,42029.0,42029.0
178.294,47366.2,42573.8,42899.6,43277.0,42081.8,42029.0,42029.0,42029.0
178.527,47366.2,42573.8,42899.6,43258.8,42081.8,42029.0,42029.0,42029.0
178.995,47366.2,42573.8,42899.6,43245.4,42081.8,42029.0,42029.0,42029.0
179.588,47366.2,42573.8,42899.6,43245.4,42080.8,42029.0,42029.0,42029.0
181.024,47366.2,42573.8,42899.6,43239.2,42080.8,42029.0,42029.0,42029.0
181.194,47366.2,42573.8,42899.6,43234.8,42080.8,42029.0,42029.0,42029.0
181.413,47366.2,42573.8,42899.6,43230.6,42080.8,42029.0,42029.0,42029.0
186.016,47366.2,42573.8,42895.8,43230.6,42080.8,42029.0,42029.0,42029.0
186.047,47366.2,42573.8,42891.0,43230.6,42080.8,42029.0,42029.0,42029.0
191.352,47366.2,42573.8,42891.0,43208.4,42080.8,42029.0,42029.0,42029.0
194.674,47366.2,42573.8,42891.0,43208.4,42073.4,42029.0,42029.0,42029.0
196.857,47366.2,42573.8,42891.0,43193.2,42073.4,42029.0,42029.0,42029.0
202.255,47366.2,42573.8,42891.0,43186.8,42073.4,42029.0,42029.0,42029.0
241.957,47366.2,42573.8,42891.0,43186.8,42071.4,42029.0,42029.0,42029.0
242.363,47366.2,42573.8,42891.0,43171.4,42071.4,42029.0,42029.0,42029.0
244.485,47366.2,42560.4,42891.0,43171.4,42071.4,42029.0,42029.0,42029.0
244.969,47366.2,42554.0,42891.0,43171.4,42071.4,42029.0,42029.0,42029.0
246.872,47366.2,42551.8,42891.0,43171.4,42071.4,42029.0,42029.0,42029.0
249.851,47366.2,42551.8,42891.0,43169.8,42071.4,42029.0,42029.0,42029.0
251.287,47366.2,42551.8,42891.0,43165.6,42071.4,42029.0,42029.0,42029.0
261.568,47366.2,42551.8,42891.0,43151.4,42071.4,42029.0,42029.0,42029.0
266.856,47366.2,42551.8,42891.0,43151.4,42070.2,42029.0,42029.0,42029.0
296.713,47366.2,42545.2,42891.0,43151.4,42070.2,42029.0,42029.0,42029.0
